Date,Spokane St. Bridge Total,West,East
04/01/2014 12:00:00 AM,3,3,0
04/01/2014 01:00:00 AM,0,0,0
04/01/2014 02:00:00 AM,0,0,0
04/01/2014 03:00:00 AM,0,0,0
04/01/2014 04:00:00 AM,3,0,3
04/01/2014 05:00:00 AM,28,6,22
04/01/2014 06:00:00 AM,66,10,56
04/01/2014 07:00:00 AM,123,20,103
04/01/2014 08:00:00 AM,122,14,108
04/01/2014 09:00:00 AM,53,10,43
04/01/2014 10:00:00 AM,28,5,23
04/01/2014 11:00:00 AM,17,9,8
04/01/2014 12:00:00 PM,24,9,15
04/01/2014 01:00:00 PM,24,8,16
04/01/2014 02:00:00 PM,35,23,12
04/01/2014 03:00:00 PM,52,33,19
04/01/2014 04:00:00 PM,98,74,24
04/01/2014 05:00:00 PM,155,129,26
04/01/2014 06:00:00 PM,113,90,23
04/01/2014 07:00:00 PM,44,35,9
04/01/2014 08:00:00 PM,26,14,12
04/01/2014 09:00:00 PM,12,10,2
04/01/2014 10:00:00 PM,9,6,3
04/01/2014 11:00:00 PM,5,5,0
04/02/2014 12:00:00 AM,2,2,0
04/02/2014 01:00:00 AM,2,1,1
04/02/2014 02:00:00 AM,1,0,1
04/02/2014 03:00:00 AM,2,1,1
04/02/2014 04:00:00 AM,4,0,4
04/02/2014 05:00:00 AM,22,4,18
04/02/2014 06:00:00 AM,66,14,52
04/02/2014 07:00:00 AM,101,17,84
04/02/2014 08:00:00 AM,113,10,103
04/02/2014 09:00:00 AM,39,1,38
04/02/2014 10:00:00 AM,25,6,19
04/02/2014 11:00:00 AM,14,6,8
04/02/2014 12:00:00 PM,24,11,13
04/02/2014 01:00:00 PM,29,14,15
04/02/2014 02:00:00 PM,34,16,18
04/02/2014 03:00:00 PM,51,29,22
04/02/2014 04:00:00 PM,82,57,25
04/02/2014 05:00:00 PM,146,126,20
04/02/2014 06:00:00 PM,97,76,21
04/02/2014 07:00:00 PM,42,31,11
04/02/2014 08:00:00 PM,26,17,9
04/02/2014 09:00:00 PM,16,15,1
04/02/2014 10:00:00 PM,5,5,0
04/02/2014 11:00:00 PM,4,3,1
04/03/2014 12:00:00 AM,3,2,1
04/03/2014 01:00:00 AM,3,3,0
04/03/2014 02:00:00 AM,2,1,1
04/03/2014 03:00:00 AM,4,2,2
04/03/2014 04:00:00 AM,6,2,4
04/03/2014 05:00:00 AM,24,3,21
04/03/2014 06:00:00 AM,52,12,40
04/03/2014 07:00:00 AM,88,10,78
04/03/2014 08:00:00 AM,100,15,85
04/03/2014 09:00:00 AM,37,7,30
04/03/2014 10:00:00 AM,14,1,13
04/03/2014 11:00:00 AM,10,4,6
04/03/2014 12:00:00 PM,14,8,6
04/03/2014 01:00:00 PM,25,10,15
04/03/2014 02:00:00 PM,30,13,17
04/03/2014 03:00:00 PM,22,16,6
04/03/2014 04:00:00 PM,54,39,15
04/03/2014 05:00:00 PM,86,74,12
04/03/2014 06:00:00 PM,57,50,7
04/03/2014 07:00:00 PM,20,17,3
04/03/2014 08:00:00 PM,9,6,3
04/03/2014 09:00:00 PM,6,4,2
04/03/2014 10:00:00 PM,6,4,2
04/03/2014 11:00:00 PM,3,3,0
04/04/2014 12:00:00 AM,2,2,0
04/04/2014 01:00:00 AM,0,0,0
04/04/2014 02:00:00 AM,0,0,0
04/04/2014 03:00:00 AM,2,0,2
04/04/2014 04:00:00 AM,3,0,3
04/04/2014 05:00:00 AM,15,2,13
04/04/2014 06:00:00 AM,39,7,32
04/04/2014 07:00:00 AM,78,10,68
04/04/2014 08:00:00 AM,74,5,69
04/04/2014 09:00:00 AM,35,4,31
04/04/2014 10:00:00 AM,15,5,10
04/04/2014 11:00:00 AM,12,5,7
04/04/2014 12:00:00 PM,18,5,13
04/04/2014 01:00:00 PM,13,8,5
04/04/2014 02:00:00 PM,27,21,6
04/04/2014 03:00:00 PM,39,21,18
04/04/2014 04:00:00 PM,75,53,22
04/04/2014 05:00:00 PM,93,77,16
04/04/2014 06:00:00 PM,68,57,11
04/04/2014 07:00:00 PM,22,15,7
04/04/2014 08:00:00 PM,17,14,3
04/04/2014 09:00:00 PM,3,3,0
04/04/2014 10:00:00 PM,7,5,2
04/04/2014 11:00:00 PM,5,3,2
04/05/2014 12:00:00 AM,3,2,1
04/05/2014 01:00:00 AM,2,1,1
04/05/2014 02:00:00 AM,3,3,0
04/05/2014 03:00:00 AM,1,1,0
04/05/2014 04:00:00 AM,2,1,1
04/05/2014 05:00:00 AM,4,1,3
04/05/2014 06:00:00 AM,4,2,2
04/05/2014 07:00:00 AM,4,1,3
04/05/2014 08:00:00 AM,22,10,12
04/05/2014 09:00:00 AM,26,8,18
04/05/2014 10:00:00 AM,16,3,13
04/05/2014 11:00:00 AM,38,24,14
04/05/2014 12:00:00 PM,27,17,10
04/05/2014 01:00:00 PM,27,17,10
04/05/2014 02:00:00 PM,29,10,19
04/05/2014 03:00:00 PM,9,5,4
04/05/2014 04:00:00 PM,16,6,10
04/05/2014 05:00:00 PM,12,7,5
04/05/2014 06:00:00 PM,7,6,1
04/05/2014 07:00:00 PM,7,5,2
04/05/2014 08:00:00 PM,5,2,3
04/05/2014 09:00:00 PM,5,4,1
04/05/2014 10:00:00 PM,3,1,2
04/05/2014 11:00:00 PM,3,0,3
04/06/2014 12:00:00 AM,3,3,0
04/06/2014 01:00:00 AM,2,1,1
04/06/2014 02:00:00 AM,3,3,0
04/06/2014 03:00:00 AM,2,0,2
04/06/2014 04:00:00 AM,0,0,0
04/06/2014 05:00:00 AM,3,2,1
04/06/2014 06:00:00 AM,3,1,2
04/06/2014 07:00:00 AM,9,3,6
04/06/2014 08:00:00 AM,16,9,7
04/06/2014 09:00:00 AM,33,13,20
04/06/2014 10:00:00 AM,26,9,17
04/06/2014 11:00:00 AM,50,27,23
04/06/2014 12:00:00 PM,62,34,28
04/06/2014 01:00:00 PM,52,19,33
04/06/2014 02:00:00 PM,41,18,23
04/06/2014 03:00:00 PM,47,24,23
04/06/2014 04:00:00 PM,51,21,30
04/06/2014 05:00:00 PM,21,18,3
04/06/2014 06:00:00 PM,26,15,11
04/06/2014 07:00:00 PM,9,6,3
04/06/2014 08:00:00 PM,4,4,0
04/06/2014 09:00:00 PM,3,0,3
04/06/2014 10:00:00 PM,4,2,2
04/06/2014 11:00:00 PM,0,0,0
04/07/2014 12:00:00 AM,2,2,0
04/07/2014 01:00:00 AM,1,0,1
04/07/2014 02:00:00 AM,1,0,1
04/07/2014 03:00:00 AM,1,0,1
04/07/2014 04:00:00 AM,4,1,3
04/07/2014 05:00:00 AM,17,2,15
04/07/2014 06:00:00 AM,74,14,60
04/07/2014 07:00:00 AM,139,21,118
04/07/2014 08:00:00 AM,126,16,110
04/07/2014 09:00:00 AM,73,11,62
04/07/2014 10:00:00 AM,24,6,18
04/07/2014 11:00:00 AM,39,18,21
04/07/2014 12:00:00 PM,47,16,31
04/07/2014 01:00:00 PM,39,18,21
04/07/2014 02:00:00 PM,58,37,21
04/07/2014 03:00:00 PM,80,49,31
04/07/2014 04:00:00 PM,134,94,40
04/07/2014 05:00:00 PM,204,159,45
04/07/2014 06:00:00 PM,142,113,29
04/07/2014 07:00:00 PM,49,35,14
04/07/2014 08:00:00 PM,20,15,5
04/07/2014 09:00:00 PM,20,10,10
04/07/2014 10:00:00 PM,12,10,2
04/07/2014 11:00:00 PM,2,2,0
04/08/2014 12:00:00 AM,4,3,1
04/08/2014 01:00:00 AM,2,2,0
04/08/2014 02:00:00 AM,3,2,1
04/08/2014 03:00:00 AM,0,0,0
04/08/2014 04:00:00 AM,3,1,2
04/08/2014 05:00:00 AM,20,6,14
04/08/2014 06:00:00 AM,48,12,36
04/08/2014 07:00:00 AM,109,12,97
04/08/2014 08:00:00 AM,102,9,93
04/08/2014 09:00:00 AM,39,7,32
04/08/2014 10:00:00 AM,17,1,16
04/08/2014 11:00:00 AM,15,6,9
04/08/2014 12:00:00 PM,13,8,5
04/08/2014 01:00:00 PM,16,9,7
04/08/2014 02:00:00 PM,20,13,7
04/08/2014 03:00:00 PM,39,27,12
04/08/2014 04:00:00 PM,53,38,15
04/08/2014 05:00:00 PM,87,70,17
04/08/2014 06:00:00 PM,65,58,7
04/08/2014 07:00:00 PM,27,24,3
04/08/2014 08:00:00 PM,12,10,2
04/08/2014 09:00:00 PM,11,10,1
04/08/2014 10:00:00 PM,5,4,1
04/08/2014 11:00:00 PM,4,4,0
04/09/2014 12:00:00 AM,2,2,0
04/09/2014 01:00:00 AM,1,1,0
04/09/2014 02:00:00 AM,1,1,0
04/09/2014 03:00:00 AM,0,0,0
04/09/2014 04:00:00 AM,4,0,4
04/09/2014 05:00:00 AM,17,3,14
04/09/2014 06:00:00 AM,69,18,51
04/09/2014 07:00:00 AM,102,22,80
04/09/2014 08:00:00 AM,112,13,99
04/09/2014 09:00:00 AM,48,7,41
04/09/2014 10:00:00 AM,27,13,14
04/09/2014 11:00:00 AM,25,5,20
04/09/2014 12:00:00 PM,26,10,16
04/09/2014 01:00:00 PM,27,11,16
04/09/2014 02:00:00 PM,33,20,13
04/09/2014 03:00:00 PM,52,31,21
04/09/2014 04:00:00 PM,88,66,22
04/09/2014 05:00:00 PM,138,120,18
04/09/2014 06:00:00 PM,104,83,21
04/09/2014 07:00:00 PM,36,31,5
04/09/2014 08:00:00 PM,25,20,5
04/09/2014 09:00:00 PM,13,10,3
04/09/2014 10:00:00 PM,8,7,1
04/09/2014 11:00:00 PM,4,3,1
04/10/2014 12:00:00 AM,6,4,2
04/10/2014 01:00:00 AM,0,0,0
04/10/2014 02:00:00 AM,2,1,1
04/10/2014 03:00:00 AM,2,0,2
04/10/2014 04:00:00 AM,3,0,3
04/10/2014 05:00:00 AM,21,4,17
04/10/2014 06:00:00 AM,67,13,54
04/10/2014 07:00:00 AM,137,21,116
04/10/2014 08:00:00 AM,107,7,100
04/10/2014 09:00:00 AM,53,6,47
04/10/2014 10:00:00 AM,25,6,19
04/10/2014 11:00:00 AM,18,7,11
04/10/2014 12:00:00 PM,31,19,12
04/10/2014 01:00:00 PM,50,21,29
04/10/2014 02:00:00 PM,31,21,10
04/10/2014 03:00:00 PM,45,28,17
04/10/2014 04:00:00 PM,92,64,28
04/10/2014 05:00:00 PM,163,138,25
04/10/2014 06:00:00 PM,107,87,20
04/10/2014 07:00:00 PM,56,45,11
04/10/2014 08:00:00 PM,25,9,16
04/10/2014 09:00:00 PM,9,5,4
04/10/2014 10:00:00 PM,5,2,3
04/10/2014 11:00:00 PM,13,11,2
04/11/2014 12:00:00 AM,1,0,1
04/11/2014 01:00:00 AM,1,1,0
04/11/2014 02:00:00 AM,3,1,2
04/11/2014 03:00:00 AM,4,2,2
04/11/2014 04:00:00 AM,6,1,5
04/11/2014 05:00:00 AM,28,4,24
04/11/2014 06:00:00 AM,63,12,51
04/11/2014 07:00:00 AM,90,14,76
04/11/2014 08:00:00 AM,115,12,103
04/11/2014 09:00:00 AM,43,10,33
04/11/2014 10:00:00 AM,23,5,18
04/11/2014 11:00:00 AM,19,12,7
04/11/2014 12:00:00 PM,25,12,13
04/11/2014 01:00:00 PM,30,19,11
04/11/2014 02:00:00 PM,37,16,21
04/11/2014 03:00:00 PM,46,34,12
04/11/2014 04:00:00 PM,100,68,32
04/11/2014 05:00:00 PM,141,106,35
04/11/2014 06:00:00 PM,94,73,21
04/11/2014 07:00:00 PM,40,35,5
04/11/2014 08:00:00 PM,15,10,5
04/11/2014 09:00:00 PM,1,0,1
04/11/2014 10:00:00 PM,7,6,1
04/11/2014 11:00:00 PM,6,3,3
04/12/2014 12:00:00 AM,1,1,0
04/12/2014 01:00:00 AM,3,3,0
04/12/2014 02:00:00 AM,4,4,0
04/12/2014 03:00:00 AM,0,0,0
04/12/2014 04:00:00 AM,0,0,0
04/12/2014 05:00:00 AM,1,0,1
04/12/2014 06:00:00 AM,8,5,3
04/12/2014 07:00:00 AM,9,2,7
04/12/2014 08:00:00 AM,22,6,16
04/12/2014 09:00:00 AM,48,19,29
04/12/2014 10:00:00 AM,22,10,12
04/12/2014 11:00:00 AM,57,26,31
04/12/2014 12:00:00 PM,58,32,26
04/12/2014 01:00:00 PM,70,42,28
04/12/2014 02:00:00 PM,57,29,28
04/12/2014 03:00:00 PM,61,29,32
04/12/2014 04:00:00 PM,58,31,27
04/12/2014 05:00:00 PM,54,29,25
04/12/2014 06:00:00 PM,41,22,19
04/12/2014 07:00:00 PM,24,11,13
04/12/2014 08:00:00 PM,10,6,4
04/12/2014 09:00:00 PM,10,4,6
04/12/2014 10:00:00 PM,6,5,1
04/12/2014 11:00:00 PM,7,3,4
04/13/2014 12:00:00 AM,4,1,3
04/13/2014 01:00:00 AM,1,1,0
04/13/2014 02:00:00 AM,7,2,5
04/13/2014 03:00:00 AM,1,1,0
04/13/2014 04:00:00 AM,0,0,0
04/13/2014 05:00:00 AM,0,0,0
04/13/2014 06:00:00 AM,8,3,5
04/13/2014 07:00:00 AM,10,2,8
04/13/2014 08:00:00 AM,15,5,10
04/13/2014 09:00:00 AM,61,24,37
04/13/2014 10:00:00 AM,69,23,46
04/13/2014 11:00:00 AM,94,59,35
04/13/2014 12:00:00 PM,110,62,48
04/13/2014 01:00:00 PM,90,50,40
04/13/2014 02:00:00 PM,107,58,49
04/13/2014 03:00:00 PM,103,49,54
04/13/2014 04:00:00 PM,72,38,34
04/13/2014 05:00:00 PM,53,25,28
04/13/2014 06:00:00 PM,42,18,24
04/13/2014 07:00:00 PM,27,17,10
04/13/2014 08:00:00 PM,9,5,4
04/13/2014 09:00:00 PM,8,4,4
04/13/2014 10:00:00 PM,3,1,2
04/13/2014 11:00:00 PM,4,2,2
04/14/2014 12:00:00 AM,2,2,0
04/14/2014 01:00:00 AM,1,0,1
04/14/2014 02:00:00 AM,1,1,0
04/14/2014 03:00:00 AM,2,2,0
04/14/2014 04:00:00 AM,4,0,4
04/14/2014 05:00:00 AM,19,4,15
04/14/2014 06:00:00 AM,75,18,57
04/14/2014 07:00:00 AM,121,17,104
04/14/2014 08:00:00 AM,108,9,99
04/14/2014 09:00:00 AM,59,7,52
04/14/2014 10:00:00 AM,33,12,21
04/14/2014 11:00:00 AM,29,13,16
04/14/2014 12:00:00 PM,31,17,14
04/14/2014 01:00:00 PM,33,13,20
04/14/2014 02:00:00 PM,48,29,19
04/14/2014 03:00:00 PM,57,39,18
04/14/2014 04:00:00 PM,82,61,21
04/14/2014 05:00:00 PM,162,133,29
04/14/2014 06:00:00 PM,101,88,13
04/14/2014 07:00:00 PM,56,37,19
04/14/2014 08:00:00 PM,23,14,9
04/14/2014 09:00:00 PM,10,6,4
04/14/2014 10:00:00 PM,4,3,1
04/14/2014 11:00:00 PM,2,0,2
04/15/2014 12:00:00 AM,0,0,0
04/15/2014 01:00:00 AM,1,0,1
04/15/2014 02:00:00 AM,0,0,0
04/15/2014 03:00:00 AM,5,2,3
04/15/2014 04:00:00 AM,4,1,3
04/15/2014 05:00:00 AM,21,5,16
04/15/2014 06:00:00 AM,57,8,49
04/15/2014 07:00:00 AM,97,26,71
04/15/2014 08:00:00 AM,105,13,92
04/15/2014 09:00:00 AM,38,3,35
04/15/2014 10:00:00 AM,16,2,14
04/15/2014 11:00:00 AM,26,10,16
04/15/2014 12:00:00 PM,15,7,8
04/15/2014 01:00:00 PM,16,6,10
04/15/2014 02:00:00 PM,24,16,8
04/15/2014 03:00:00 PM,49,34,15
04/15/2014 04:00:00 PM,73,51,22
04/15/2014 05:00:00 PM,115,100,15
04/15/2014 06:00:00 PM,79,63,16
04/15/2014 07:00:00 PM,29,24,5
04/15/2014 08:00:00 PM,16,9,7
04/15/2014 09:00:00 PM,11,7,4
04/15/2014 10:00:00 PM,10,7,3
04/15/2014 11:00:00 PM,4,4,0
04/16/2014 12:00:00 AM,2,2,0
04/16/2014 01:00:00 AM,2,2,0
04/16/2014 02:00:00 AM,2,0,2
04/16/2014 03:00:00 AM,0,0,0
04/16/2014 04:00:00 AM,3,0,3
04/16/2014 05:00:00 AM,15,7,8
04/16/2014 06:00:00 AM,31,8,23
04/16/2014 07:00:00 AM,64,8,56
04/16/2014 08:00:00 AM,72,4,68
04/16/2014 09:00:00 AM,24,5,19
04/16/2014 10:00:00 AM,12,1,11
04/16/2014 11:00:00 AM,10,0,10
04/16/2014 12:00:00 PM,6,2,4
04/16/2014 01:00:00 PM,9,7,2
04/16/2014 02:00:00 PM,12,9,3
04/16/2014 03:00:00 PM,28,20,8
04/16/2014 04:00:00 PM,41,30,11
04/16/2014 05:00:00 PM,62,51,11
04/16/2014 06:00:00 PM,44,39,5
04/16/2014 07:00:00 PM,20,19,1
04/16/2014 08:00:00 PM,9,7,2
04/16/2014 09:00:00 PM,6,3,3
04/16/2014 10:00:00 PM,5,3,2
04/16/2014 11:00:00 PM,5,4,1
04/17/2014 12:00:00 AM,1,1,0
04/17/2014 01:00:00 AM,0,0,0
04/17/2014 02:00:00 AM,3,1,2
04/17/2014 03:00:00 AM,0,0,0
04/17/2014 04:00:00 AM,3,0,3
04/17/2014 05:00:00 AM,14,4,10
04/17/2014 06:00:00 AM,41,9,32
04/17/2014 07:00:00 AM,69,8,61
04/17/2014 08:00:00 AM,62,7,55
04/17/2014 09:00:00 AM,25,4,21
04/17/2014 10:00:00 AM,7,1,6
04/17/2014 11:00:00 AM,8,4,4
04/17/2014 12:00:00 PM,7,5,2
04/17/2014 01:00:00 PM,9,6,3
04/17/2014 02:00:00 PM,9,7,2
04/17/2014 03:00:00 PM,20,15,5
04/17/2014 04:00:00 PM,36,26,10
04/17/2014 05:00:00 PM,75,63,12
04/17/2014 06:00:00 PM,48,39,9
04/17/2014 07:00:00 PM,13,11,2
04/17/2014 08:00:00 PM,5,2,3
04/17/2014 09:00:00 PM,5,2,3
04/17/2014 10:00:00 PM,4,2,2
04/17/2014 11:00:00 PM,2,1,1
04/18/2014 12:00:00 AM,0,0,0
04/18/2014 01:00:00 AM,0,0,0
04/18/2014 02:00:00 AM,1,1,0
04/18/2014 03:00:00 AM,1,1,0
04/18/2014 04:00:00 AM,4,1,3
04/18/2014 05:00:00 AM,17,1,16
04/18/2014 06:00:00 AM,47,12,35
04/18/2014 07:00:00 AM,79,8,71
04/18/2014 08:00:00 AM,76,6,70
04/18/2014 09:00:00 AM,48,11,37
04/18/2014 10:00:00 AM,29,6,23
04/18/2014 11:00:00 AM,36,16,20
04/18/2014 12:00:00 PM,29,23,6
04/18/2014 01:00:00 PM,23,11,12
04/18/2014 02:00:00 PM,34,14,20
04/18/2014 03:00:00 PM,48,28,20
04/18/2014 04:00:00 PM,79,54,25
04/18/2014 05:00:00 PM,111,86,25
04/18/2014 06:00:00 PM,73,55,18
04/18/2014 07:00:00 PM,43,34,9
04/18/2014 08:00:00 PM,16,10,6
04/18/2014 09:00:00 PM,6,3,3
04/18/2014 10:00:00 PM,6,4,2
04/18/2014 11:00:00 PM,1,0,1
04/19/2014 12:00:00 AM,6,5,1
04/19/2014 01:00:00 AM,0,0,0
04/19/2014 02:00:00 AM,1,1,0
04/19/2014 03:00:00 AM,4,1,3
04/19/2014 04:00:00 AM,0,0,0
04/19/2014 05:00:00 AM,4,0,4
04/19/2014 06:00:00 AM,7,3,4
04/19/2014 07:00:00 AM,20,5,15
04/19/2014 08:00:00 AM,29,13,16
04/19/2014 09:00:00 AM,30,15,15
04/19/2014 10:00:00 AM,71,51,20
04/19/2014 11:00:00 AM,24,11,13
04/19/2014 12:00:00 PM,12,8,4
04/19/2014 01:00:00 PM,6,2,4
04/19/2014 02:00:00 PM,7,5,2
04/19/2014 03:00:00 PM,3,2,1
04/19/2014 04:00:00 PM,3,0,3
04/19/2014 05:00:00 PM,9,6,3
04/19/2014 06:00:00 PM,6,5,1
04/19/2014 07:00:00 PM,6,5,1
04/19/2014 08:00:00 PM,3,3,0
04/19/2014 09:00:00 PM,1,0,1
04/19/2014 10:00:00 PM,3,2,1
04/19/2014 11:00:00 PM,3,3,0
04/20/2014 12:00:00 AM,2,0,2
04/20/2014 01:00:00 AM,0,0,0
04/20/2014 02:00:00 AM,0,0,0
04/20/2014 03:00:00 AM,0,0,0
04/20/2014 04:00:00 AM,1,0,1
04/20/2014 05:00:00 AM,0,0,0
04/20/2014 06:00:00 AM,4,2,2
04/20/2014 07:00:00 AM,5,3,2
04/20/2014 08:00:00 AM,16,8,8
04/20/2014 09:00:00 AM,46,24,22
04/20/2014 10:00:00 AM,31,14,17
04/20/2014 11:00:00 AM,68,33,35
04/20/2014 12:00:00 PM,59,26,33
04/20/2014 01:00:00 PM,65,35,30
04/20/2014 02:00:00 PM,42,28,14
04/20/2014 03:00:00 PM,64,30,34
04/20/2014 04:00:00 PM,42,29,13
04/20/2014 05:00:00 PM,46,20,26
04/20/2014 06:00:00 PM,20,7,13
04/20/2014 07:00:00 PM,13,7,6
04/20/2014 08:00:00 PM,3,0,3
04/20/2014 09:00:00 PM,6,2,4
04/20/2014 10:00:00 PM,6,3,3
04/20/2014 11:00:00 PM,3,2,1
04/21/2014 12:00:00 AM,0,0,0
04/21/2014 01:00:00 AM,1,1,0
04/21/2014 02:00:00 AM,1,0,1
04/21/2014 03:00:00 AM,0,0,0
04/21/2014 04:00:00 AM,1,0,1
04/21/2014 05:00:00 AM,25,4,21
04/21/2014 06:00:00 AM,70,12,58
04/21/2014 07:00:00 AM,133,26,107
04/21/2014 08:00:00 AM,95,13,82
04/21/2014 09:00:00 AM,54,12,42
04/21/2014 10:00:00 AM,24,10,14
04/21/2014 11:00:00 AM,15,4,11
04/21/2014 12:00:00 PM,12,6,6
04/21/2014 01:00:00 PM,23,10,13
04/21/2014 02:00:00 PM,25,15,10
04/21/2014 03:00:00 PM,51,32,19
04/21/2014 04:00:00 PM,85,57,28
04/21/2014 05:00:00 PM,146,123,23
04/21/2014 06:00:00 PM,84,76,8
04/21/2014 07:00:00 PM,29,23,6
04/21/2014 08:00:00 PM,14,12,2
04/21/2014 09:00:00 PM,12,12,0
04/21/2014 10:00:00 PM,6,4,2
04/21/2014 11:00:00 PM,1,1,0
04/22/2014 12:00:00 AM,0,0,0
04/22/2014 01:00:00 AM,1,1,0
04/22/2014 02:00:00 AM,0,0,0
04/22/2014 03:00:00 AM,1,0,1
04/22/2014 04:00:00 AM,1,0,1
04/22/2014 05:00:00 AM,13,4,9
04/22/2014 06:00:00 AM,45,5,40
04/22/2014 07:00:00 AM,87,14,73
04/22/2014 08:00:00 AM,58,4,54
04/22/2014 09:00:00 AM,38,5,33
04/22/2014 10:00:00 AM,16,2,14
04/22/2014 11:00:00 AM,17,9,8
04/22/2014 12:00:00 PM,19,6,13
04/22/2014 01:00:00 PM,13,6,7
04/22/2014 02:00:00 PM,17,13,4
04/22/2014 03:00:00 PM,36,23,13
04/22/2014 04:00:00 PM,60,45,15
04/22/2014 05:00:00 PM,95,74,21
04/22/2014 06:00:00 PM,64,52,12
04/22/2014 07:00:00 PM,30,21,9
04/22/2014 08:00:00 PM,8,5,3
04/22/2014 09:00:00 PM,4,1,3
04/22/2014 10:00:00 PM,2,2,0
04/22/2014 11:00:00 PM,3,3,0
04/23/2014 12:00:00 AM,2,2,0
04/23/2014 01:00:00 AM,2,0,2
04/23/2014 02:00:00 AM,2,2,0
04/23/2014 03:00:00 AM,1,1,0
04/23/2014 04:00:00 AM,2,1,1
04/23/2014 05:00:00 AM,15,2,13
04/23/2014 06:00:00 AM,60,9,51
04/23/2014 07:00:00 AM,97,18,79
04/23/2014 08:00:00 AM,99,10,89
04/23/2014 09:00:00 AM,35,8,27
04/23/2014 10:00:00 AM,16,3,13
04/23/2014 11:00:00 AM,14,3,11
04/23/2014 12:00:00 PM,16,6,10
04/23/2014 01:00:00 PM,18,10,8
04/23/2014 02:00:00 PM,24,16,8
04/23/2014 03:00:00 PM,30,19,11
04/23/2014 04:00:00 PM,77,57,20
04/23/2014 05:00:00 PM,117,96,21
04/23/2014 06:00:00 PM,58,48,10
04/23/2014 07:00:00 PM,26,24,2
04/23/2014 08:00:00 PM,16,13,3
04/23/2014 09:00:00 PM,11,10,1
04/23/2014 10:00:00 PM,5,5,0
04/23/2014 11:00:00 PM,2,1,1
04/24/2014 12:00:00 AM,2,2,0
04/24/2014 01:00:00 AM,0,0,0
04/24/2014 02:00:00 AM,0,0,0
04/24/2014 03:00:00 AM,1,1,0
04/24/2014 04:00:00 AM,1,0,1
04/24/2014 05:00:00 AM,11,2,9
04/24/2014 06:00:00 AM,53,9,44
04/24/2014 07:00:00 AM,79,17,62
04/24/2014 08:00:00 AM,92,13,79
04/24/2014 09:00:00 AM,24,4,20
04/24/2014 10:00:00 AM,14,1,13
04/24/2014 11:00:00 AM,14,5,9
04/24/2014 12:00:00 PM,15,12,3
04/24/2014 01:00:00 PM,10,2,8
04/24/2014 02:00:00 PM,17,10,7
04/24/2014 03:00:00 PM,27,19,8
04/24/2014 04:00:00 PM,63,44,19
04/24/2014 05:00:00 PM,95,77,18
04/24/2014 06:00:00 PM,83,64,19
04/24/2014 07:00:00 PM,22,16,6
04/24/2014 08:00:00 PM,16,12,4
04/24/2014 09:00:00 PM,5,4,1
04/24/2014 10:00:00 PM,7,3,4
04/24/2014 11:00:00 PM,7,4,3
04/25/2014 12:00:00 AM,3,2,1
04/25/2014 01:00:00 AM,3,2,1
04/25/2014 02:00:00 AM,0,0,0
04/25/2014 03:00:00 AM,0,0,0
04/25/2014 04:00:00 AM,5,2,3
04/25/2014 05:00:00 AM,22,3,19
04/25/2014 06:00:00 AM,60,9,51
04/25/2014 07:00:00 AM,108,18,90
04/25/2014 08:00:00 AM,104,10,94
04/25/2014 09:00:00 AM,41,8,33
04/25/2014 10:00:00 AM,25,4,21
04/25/2014 11:00:00 AM,41,27,14
04/25/2014 12:00:00 PM,25,10,15
04/25/2014 01:00:00 PM,37,12,25
04/25/2014 02:00:00 PM,48,28,20
04/25/2014 03:00:00 PM,56,36,20
04/25/2014 04:00:00 PM,85,71,14
04/25/2014 05:00:00 PM,135,109,26
04/25/2014 06:00:00 PM,81,69,12
04/25/2014 07:00:00 PM,43,29,14
04/25/2014 08:00:00 PM,20,13,7
04/25/2014 09:00:00 PM,6,4,2
04/25/2014 10:00:00 PM,8,6,2
04/25/2014 11:00:00 PM,6,5,1
04/26/2014 12:00:00 AM,1,1,0
04/26/2014 01:00:00 AM,0,0,0
04/26/2014 02:00:00 AM,2,1,1
04/26/2014 03:00:00 AM,2,2,0
04/26/2014 04:00:00 AM,0,0,0
04/26/2014 05:00:00 AM,6,0,6
04/26/2014 06:00:00 AM,6,3,3
04/26/2014 07:00:00 AM,21,2,19
04/26/2014 08:00:00 AM,36,9,27
04/26/2014 09:00:00 AM,35,15,20
04/26/2014 10:00:00 AM,60,30,30
04/26/2014 11:00:00 AM,67,30,37
04/26/2014 12:00:00 PM,79,38,41
04/26/2014 01:00:00 PM,67,41,26
04/26/2014 02:00:00 PM,72,35,37
04/26/2014 03:00:00 PM,43,25,18
04/26/2014 04:00:00 PM,47,31,16
04/26/2014 05:00:00 PM,42,14,28
04/26/2014 06:00:00 PM,20,9,11
04/26/2014 07:00:00 PM,12,8,4
04/26/2014 08:00:00 PM,11,9,2
04/26/2014 09:00:00 PM,5,4,1
04/26/2014 10:00:00 PM,5,4,1
04/26/2014 11:00:00 PM,4,1,3
04/27/2014 12:00:00 AM,1,1,0
04/27/2014 01:00:00 AM,0,0,0
04/27/2014 02:00:00 AM,2,1,1
04/27/2014 03:00:00 AM,2,1,1
04/27/2014 04:00:00 AM,1,1,0
04/27/2014 05:00:00 AM,0,0,0
04/27/2014 06:00:00 AM,6,1,5
04/27/2014 07:00:00 AM,7,2,5
04/27/2014 08:00:00 AM,13,2,11
04/27/2014 09:00:00 AM,27,14,13
04/27/2014 10:00:00 AM,25,8,17
04/27/2014 11:00:00 AM,30,19,11
04/27/2014 12:00:00 PM,18,7,11
04/27/2014 01:00:00 PM,34,23,11
04/27/2014 02:00:00 PM,25,8,17
04/27/2014 03:00:00 PM,19,7,12
04/27/2014 04:00:00 PM,19,11,8
04/27/2014 05:00:00 PM,23,16,7
04/27/2014 06:00:00 PM,11,5,6
04/27/2014 07:00:00 PM,13,7,6
04/27/2014 08:00:00 PM,3,0,3
04/27/2014 09:00:00 PM,4,1,3
04/27/2014 10:00:00 PM,3,1,2
04/27/2014 11:00:00 PM,4,4,0
04/28/2014 12:00:00 AM,0,0,0
04/28/2014 01:00:00 AM,2,0,2
04/28/2014 02:00:00 AM,2,1,1
04/28/2014 03:00:00 AM,3,3,0
04/28/2014 04:00:00 AM,3,1,2
04/28/2014 05:00:00 AM,25,2,23
04/28/2014 06:00:00 AM,71,13,58
04/28/2014 07:00:00 AM,134,19,115
04/28/2014 08:00:00 AM,130,11,119
04/28/2014 09:00:00 AM,63,10,53
04/28/2014 10:00:00 AM,22,6,16
04/28/2014 11:00:00 AM,15,3,12
04/28/2014 12:00:00 PM,26,12,14
04/28/2014 01:00:00 PM,22,10,12
04/28/2014 02:00:00 PM,40,29,11
04/28/2014 03:00:00 PM,63,44,19
04/28/2014 04:00:00 PM,99,71,28
04/28/2014 05:00:00 PM,191,153,38
04/28/2014 06:00:00 PM,126,104,22
04/28/2014 07:00:00 PM,50,37,13
04/28/2014 08:00:00 PM,18,15,3
04/28/2014 09:00:00 PM,16,13,3
04/28/2014 10:00:00 PM,9,4,5
04/28/2014 11:00:00 PM,2,1,1
04/29/2014 12:00:00 AM,5,3,2
04/29/2014 01:00:00 AM,1,0,1
04/29/2014 02:00:00 AM,2,1,1
04/29/2014 03:00:00 AM,0,0,0
04/29/2014 04:00:00 AM,2,1,1
04/29/2014 05:00:00 AM,29,5,24
04/29/2014 06:00:00 AM,92,9,83
04/29/2014 07:00:00 AM,175,30,145
04/29/2014 08:00:00 AM,133,18,115
04/29/2014 09:00:00 AM,72,12,60
04/29/2014 10:00:00 AM,31,7,24
04/29/2014 11:00:00 AM,21,9,12
04/29/2014 12:00:00 PM,37,20,17
04/29/2014 01:00:00 PM,33,15,18
04/29/2014 02:00:00 PM,34,14,20
04/29/2014 03:00:00 PM,72,52,20
04/29/2014 04:00:00 PM,114,86,28
04/29/2014 05:00:00 PM,241,192,49
04/29/2014 06:00:00 PM,147,113,34
04/29/2014 07:00:00 PM,71,53,18
04/29/2014 08:00:00 PM,41,20,21
04/29/2014 09:00:00 PM,11,3,8
04/29/2014 10:00:00 PM,6,6,0
04/29/2014 11:00:00 PM,1,1,0
04/30/2014 12:00:00 AM,4,2,2
04/30/2014 01:00:00 AM,4,2,2
04/30/2014 02:00:00 AM,2,0,2
04/30/2014 03:00:00 AM,1,1,0
04/30/2014 04:00:00 AM,5,1,4
04/30/2014 05:00:00 AM,28,4,24
04/30/2014 06:00:00 AM,118,22,96
04/30/2014 07:00:00 AM,185,30,155
04/30/2014 08:00:00 AM,146,15,131
04/30/2014 09:00:00 AM,62,7,55
04/30/2014 10:00:00 AM,37,8,29
04/30/2014 11:00:00 AM,27,11,16
04/30/2014 12:00:00 PM,37,15,22
04/30/2014 01:00:00 PM,31,12,19
04/30/2014 02:00:00 PM,78,42,36
04/30/2014 03:00:00 PM,79,52,27
04/30/2014 04:00:00 PM,159,115,44
04/30/2014 05:00:00 PM,209,176,33
04/30/2014 06:00:00 PM,158,128,30
04/30/2014 07:00:00 PM,81,52,29
04/30/2014 08:00:00 PM,49,28,21
04/30/2014 09:00:00 PM,11,9,2
04/30/2014 10:00:00 PM,20,14,6
04/30/2014 11:00:00 PM,5,4,1
04/01/2015 12:00:00 AM,2,0,2
04/01/2015 01:00:00 AM,1,1,0
04/01/2015 02:00:00 AM,0,0,0
04/01/2015 03:00:00 AM,3,1,2
04/01/2015 04:00:00 AM,3,1,2
04/01/2015 05:00:00 AM,20,1,19
04/01/2015 06:00:00 AM,46,5,41
04/01/2015 07:00:00 AM,85,7,78
04/01/2015 08:00:00 AM,105,11,94
04/01/2015 09:00:00 AM,45,9,36
04/01/2015 10:00:00 AM,17,6,11
04/01/2015 11:00:00 AM,14,4,10
04/01/2015 12:00:00 PM,18,9,9
04/01/2015 01:00:00 PM,20,10,10
04/01/2015 02:00:00 PM,22,14,8
04/01/2015 03:00:00 PM,28,22,6
04/01/2015 04:00:00 PM,48,36,12
04/01/2015 05:00:00 PM,100,84,16
04/01/2015 06:00:00 PM,69,67,2
04/01/2015 07:00:00 PM,30,27,3
04/01/2015 08:00:00 PM,13,9,4
04/01/2015 09:00:00 PM,9,6,3
04/01/2015 10:00:00 PM,4,3,1
04/01/2015 11:00:00 PM,2,1,1
04/02/2015 12:00:00 AM,1,0,1
04/02/2015 01:00:00 AM,1,0,1
04/02/2015 02:00:00 AM,0,0,0
04/02/2015 03:00:00 AM,0,0,0
04/02/2015 04:00:00 AM,2,0,2
04/02/2015 05:00:00 AM,25,4,21
04/02/2015 06:00:00 AM,53,6,47
04/02/2015 07:00:00 AM,113,12,101
04/02/2015 08:00:00 AM,110,14,96
04/02/2015 09:00:00 AM,50,4,46
04/02/2015 10:00:00 AM,20,5,15
04/02/2015 11:00:00 AM,16,4,12
04/02/2015 12:00:00 PM,16,9,7
04/02/2015 01:00:00 PM,24,10,14
04/02/2015 02:00:00 PM,27,15,12
04/02/2015 03:00:00 PM,42,26,16
04/02/2015 04:00:00 PM,78,62,16
04/02/2015 05:00:00 PM,133,110,23
04/02/2015 06:00:00 PM,112,94,18
04/02/2015 07:00:00 PM,38,30,8
04/02/2015 08:00:00 PM,11,10,1
04/02/2015 09:00:00 PM,15,10,5
04/02/2015 10:00:00 PM,4,3,1
04/02/2015 11:00:00 PM,5,4,1
04/03/2015 12:00:00 AM,6,4,2
04/03/2015 01:00:00 AM,0,0,0
04/03/2015 02:00:00 AM,1,1,0
04/03/2015 03:00:00 AM,1,1,0
04/03/2015 04:00:00 AM,1,0,1
04/03/2015 05:00:00 AM,11,1,10
04/03/2015 06:00:00 AM,44,9,35
04/03/2015 07:00:00 AM,86,13,73
04/03/2015 08:00:00 AM,85,10,75
04/03/2015 09:00:00 AM,38,4,34
04/03/2015 10:00:00 AM,17,4,13
04/03/2015 11:00:00 AM,29,18,11
04/03/2015 12:00:00 PM,18,6,12
04/03/2015 01:00:00 PM,12,4,8
04/03/2015 02:00:00 PM,11,8,3
04/03/2015 03:00:00 PM,39,28,11
04/03/2015 04:00:00 PM,63,54,9
04/03/2015 05:00:00 PM,84,73,11
04/03/2015 06:00:00 PM,44,38,6
04/03/2015 07:00:00 PM,29,26,3
04/03/2015 08:00:00 PM,5,5,0
04/03/2015 09:00:00 PM,7,2,5
04/03/2015 10:00:00 PM,7,7,0
04/03/2015 11:00:00 PM,6,2,4
04/04/2015 12:00:00 AM,6,4,2
04/04/2015 01:00:00 AM,1,1,0
04/04/2015 02:00:00 AM,2,2,0
04/04/2015 03:00:00 AM,2,1,1
04/04/2015 04:00:00 AM,1,1,0
04/04/2015 05:00:00 AM,5,0,5
04/04/2015 06:00:00 AM,6,2,4
04/04/2015 07:00:00 AM,18,6,12
04/04/2015 08:00:00 AM,38,8,30
04/04/2015 09:00:00 AM,39,21,18
04/04/2015 10:00:00 AM,51,25,26
04/04/2015 11:00:00 AM,44,25,19
04/04/2015 12:00:00 PM,67,36,31
04/04/2015 01:00:00 PM,76,41,35
04/04/2015 02:00:00 PM,70,38,32
04/04/2015 03:00:00 PM,75,37,38
04/04/2015 04:00:00 PM,103,44,59
04/04/2015 05:00:00 PM,57,22,35
04/04/2015 06:00:00 PM,46,20,26
04/04/2015 07:00:00 PM,13,7,6
04/04/2015 08:00:00 PM,3,2,1
04/04/2015 09:00:00 PM,5,4,1
04/04/2015 10:00:00 PM,11,7,4
04/04/2015 11:00:00 PM,3,2,1
04/05/2015 12:00:00 AM,2,2,0
04/05/2015 01:00:00 AM,1,1,0
04/05/2015 02:00:00 AM,1,0,1
04/05/2015 03:00:00 AM,2,1,1
04/05/2015 04:00:00 AM,4,3,1
04/05/2015 05:00:00 AM,7,2,5
04/05/2015 06:00:00 AM,6,1,5
04/05/2015 07:00:00 AM,8,3,5
04/05/2015 08:00:00 AM,19,10,9
04/05/2015 09:00:00 AM,35,22,13
04/05/2015 10:00:00 AM,35,17,18
04/05/2015 11:00:00 AM,57,29,28
04/05/2015 12:00:00 PM,53,30,23
04/05/2015 01:00:00 PM,58,36,22
04/05/2015 02:00:00 PM,56,22,34
04/05/2015 03:00:00 PM,67,27,40
04/05/2015 04:00:00 PM,53,25,28
04/05/2015 05:00:00 PM,39,19,20
04/05/2015 06:00:00 PM,22,8,14
04/05/2015 07:00:00 PM,18,7,11
04/05/2015 08:00:00 PM,5,2,3
04/05/2015 09:00:00 PM,3,1,2
04/05/2015 10:00:00 PM,1,1,0
04/05/2015 11:00:00 PM,3,1,2
04/06/2015 12:00:00 AM,3,2,1
04/06/2015 01:00:00 AM,0,0,0
04/06/2015 02:00:00 AM,0,0,0
04/06/2015 03:00:00 AM,3,2,1
04/06/2015 04:00:00 AM,4,0,4
04/06/2015 05:00:00 AM,17,1,16
04/06/2015 06:00:00 AM,62,9,53
04/06/2015 07:00:00 AM,104,10,94
04/06/2015 08:00:00 AM,109,8,101
04/06/2015 09:00:00 AM,41,4,37
04/06/2015 10:00:00 AM,21,4,17
04/06/2015 11:00:00 AM,8,3,5
04/06/2015 12:00:00 PM,14,5,9
04/06/2015 01:00:00 PM,19,10,9
04/06/2015 02:00:00 PM,24,13,11
04/06/2015 03:00:00 PM,41,32,9
04/06/2015 04:00:00 PM,85,67,18
04/06/2015 05:00:00 PM,141,125,16
04/06/2015 06:00:00 PM,96,80,16
04/06/2015 07:00:00 PM,29,20,9
04/06/2015 08:00:00 PM,15,10,5
04/06/2015 09:00:00 PM,8,6,2
04/06/2015 10:00:00 PM,6,3,3
04/06/2015 11:00:00 PM,4,1,3
04/07/2015 12:00:00 AM,2,2,0
04/07/2015 01:00:00 AM,0,0,0
04/07/2015 02:00:00 AM,0,0,0
04/07/2015 03:00:00 AM,1,1,0
04/07/2015 04:00:00 AM,0,0,0
04/07/2015 05:00:00 AM,29,3,26
04/07/2015 06:00:00 AM,75,12,63
04/07/2015 07:00:00 AM,133,15,118
04/07/2015 08:00:00 AM,124,7,117
04/07/2015 09:00:00 AM,43,7,36
04/07/2015 10:00:00 AM,23,8,15
04/07/2015 11:00:00 AM,11,6,5
04/07/2015 12:00:00 PM,8,5,3
04/07/2015 01:00:00 PM,11,6,5
04/07/2015 02:00:00 PM,21,14,7
04/07/2015 03:00:00 PM,37,30,7
04/07/2015 04:00:00 PM,93,73,20
04/07/2015 05:00:00 PM,160,132,28
04/07/2015 06:00:00 PM,91,80,11
04/07/2015 07:00:00 PM,29,22,7
04/07/2015 08:00:00 PM,19,17,2
04/07/2015 09:00:00 PM,13,10,3
04/07/2015 10:00:00 PM,7,3,4
04/07/2015 11:00:00 PM,2,1,1
04/08/2015 12:00:00 AM,7,1,6
04/08/2015 01:00:00 AM,0,0,0
04/08/2015 02:00:00 AM,0,0,0
04/08/2015 03:00:00 AM,2,2,0
04/08/2015 04:00:00 AM,1,0,1
04/08/2015 05:00:00 AM,23,2,21
04/08/2015 06:00:00 AM,83,13,70
04/08/2015 07:00:00 AM,118,10,108
04/08/2015 08:00:00 AM,107,7,100
04/08/2015 09:00:00 AM,55,15,40
04/08/2015 10:00:00 AM,22,2,20
04/08/2015 11:00:00 AM,23,4,19
04/08/2015 12:00:00 PM,18,9,9
04/08/2015 01:00:00 PM,35,19,16
04/08/2015 02:00:00 PM,41,26,15
04/08/2015 03:00:00 PM,51,34,17
04/08/2015 04:00:00 PM,116,88,28
04/08/2015 05:00:00 PM,155,128,27
04/08/2015 06:00:00 PM,93,81,12
04/08/2015 07:00:00 PM,62,39,23
04/08/2015 08:00:00 PM,22,16,6
04/08/2015 09:00:00 PM,17,13,4
04/08/2015 10:00:00 PM,7,3,4
04/08/2015 11:00:00 PM,4,3,1
04/09/2015 12:00:00 AM,3,1,2
04/09/2015 01:00:00 AM,1,0,1
04/09/2015 02:00:00 AM,0,0,0
04/09/2015 03:00:00 AM,0,0,0
04/09/2015 04:00:00 AM,4,0,4
04/09/2015 05:00:00 AM,22,5,17
04/09/2015 06:00:00 AM,72,11,61
04/09/2015 07:00:00 AM,129,17,112
04/09/2015 08:00:00 AM,119,8,111
04/09/2015 09:00:00 AM,47,9,38
04/09/2015 10:00:00 AM,25,9,16
04/09/2015 11:00:00 AM,18,10,8
04/09/2015 12:00:00 PM,33,16,17
04/09/2015 01:00:00 PM,38,18,20
04/09/2015 02:00:00 PM,37,26,11
04/09/2015 03:00:00 PM,62,43,19
04/09/2015 04:00:00 PM,90,78,12
04/09/2015 05:00:00 PM,191,148,43
04/09/2015 06:00:00 PM,129,100,29
04/09/2015 07:00:00 PM,68,40,28
04/09/2015 08:00:00 PM,22,16,6
04/09/2015 09:00:00 PM,18,13,5
04/09/2015 10:00:00 PM,16,6,10
04/09/2015 11:00:00 PM,6,4,2
04/10/2015 12:00:00 AM,3,2,1
04/10/2015 01:00:00 AM,0,0,0
04/10/2015 02:00:00 AM,0,0,0
04/10/2015 03:00:00 AM,0,0,0
04/10/2015 04:00:00 AM,1,0,1
04/10/2015 05:00:00 AM,8,1,7
04/10/2015 06:00:00 AM,46,9,37
04/10/2015 07:00:00 AM,103,13,90
04/10/2015 08:00:00 AM,92,11,81
04/10/2015 09:00:00 AM,28,4,24
04/10/2015 10:00:00 AM,21,9,12
04/10/2015 11:00:00 AM,9,2,7
04/10/2015 12:00:00 PM,27,15,12
04/10/2015 01:00:00 PM,21,11,10
04/10/2015 02:00:00 PM,24,11,13
04/10/2015 03:00:00 PM,36,28,8
04/10/2015 04:00:00 PM,61,48,13
04/10/2015 05:00:00 PM,73,63,10
04/10/2015 06:00:00 PM,37,35,2
04/10/2015 07:00:00 PM,8,7,1
04/10/2015 08:00:00 PM,3,3,0
04/10/2015 09:00:00 PM,5,3,2
04/10/2015 10:00:00 PM,3,2,1
04/10/2015 11:00:00 PM,1,1,0
04/11/2015 12:00:00 AM,1,0,1
04/11/2015 01:00:00 AM,0,0,0
04/11/2015 02:00:00 AM,0,0,0
04/11/2015 03:00:00 AM,2,1,1
04/11/2015 04:00:00 AM,2,0,2
04/11/2015 05:00:00 AM,3,2,1
04/11/2015 06:00:00 AM,5,1,4
04/11/2015 07:00:00 AM,16,4,12
04/11/2015 08:00:00 AM,19,8,11
04/11/2015 09:00:00 AM,20,9,11
04/11/2015 10:00:00 AM,24,13,11
04/11/2015 11:00:00 AM,18,8,10
04/11/2015 12:00:00 PM,31,12,19
04/11/2015 01:00:00 PM,26,11,15
04/11/2015 02:00:00 PM,36,21,15
04/11/2015 03:00:00 PM,33,16,17
04/11/2015 04:00:00 PM,33,24,9
04/11/2015 05:00:00 PM,13,5,8
04/11/2015 06:00:00 PM,15,12,3
04/11/2015 07:00:00 PM,13,8,5
04/11/2015 08:00:00 PM,6,4,2
04/11/2015 09:00:00 PM,3,2,1
04/11/2015 10:00:00 PM,5,0,5
04/11/2015 11:00:00 PM,3,2,1
04/12/2015 12:00:00 AM,6,3,3
04/12/2015 01:00:00 AM,2,1,1
04/12/2015 02:00:00 AM,0,0,0
04/12/2015 03:00:00 AM,3,1,2
04/12/2015 04:00:00 AM,2,0,2
04/12/2015 05:00:00 AM,4,0,4
04/12/2015 06:00:00 AM,3,0,3
04/12/2015 07:00:00 AM,8,2,6
04/12/2015 08:00:00 AM,31,4,27
04/12/2015 09:00:00 AM,44,22,22
04/12/2015 10:00:00 AM,41,23,18
04/12/2015 11:00:00 AM,67,32,35
04/12/2015 12:00:00 PM,63,29,34
04/12/2015 01:00:00 PM,72,41,31
04/12/2015 02:00:00 PM,72,33,39
04/12/2015 03:00:00 PM,55,37,18
04/12/2015 04:00:00 PM,32,12,20
04/12/2015 05:00:00 PM,39,24,15
04/12/2015 06:00:00 PM,21,13,8
04/12/2015 07:00:00 PM,14,7,7
04/12/2015 08:00:00 PM,6,5,1
04/12/2015 09:00:00 PM,4,3,1
04/12/2015 10:00:00 PM,4,2,2
04/12/2015 11:00:00 PM,2,0,2
04/13/2015 12:00:00 AM,6,3,3
04/13/2015 01:00:00 AM,3,1,2
04/13/2015 02:00:00 AM,0,0,0
04/13/2015 03:00:00 AM,1,1,0
04/13/2015 04:00:00 AM,8,1,7
04/13/2015 05:00:00 AM,14,1,13
04/13/2015 06:00:00 AM,60,9,51
04/13/2015 07:00:00 AM,89,10,79
04/13/2015 08:00:00 AM,86,8,78
04/13/2015 09:00:00 AM,30,2,28
04/13/2015 10:00:00 AM,14,6,8
04/13/2015 11:00:00 AM,18,3,15
04/13/2015 12:00:00 PM,8,3,5
04/13/2015 01:00:00 PM,10,4,6
04/13/2015 02:00:00 PM,21,11,10
04/13/2015 03:00:00 PM,32,26,6
04/13/2015 04:00:00 PM,55,48,7
04/13/2015 05:00:00 PM,77,66,11
04/13/2015 06:00:00 PM,62,55,7
04/13/2015 07:00:00 PM,14,12,2
04/13/2015 08:00:00 PM,7,6,1
04/13/2015 09:00:00 PM,5,4,1
04/13/2015 10:00:00 PM,0,0,0
04/13/2015 11:00:00 PM,1,1,0
04/14/2015 12:00:00 AM,0,0,0
04/14/2015 01:00:00 AM,0,0,0
04/14/2015 02:00:00 AM,2,0,2
04/14/2015 03:00:00 AM,5,4,1
04/14/2015 04:00:00 AM,4,2,2
04/14/2015 05:00:00 AM,11,1,10
04/14/2015 06:00:00 AM,53,3,50
04/14/2015 07:00:00 AM,86,9,77
04/14/2015 08:00:00 AM,87,12,75
04/14/2015 09:00:00 AM,28,5,23
04/14/2015 10:00:00 AM,13,6,7
04/14/2015 11:00:00 AM,16,5,11
04/14/2015 12:00:00 PM,11,6,5
04/14/2015 01:00:00 PM,15,10,5
04/14/2015 02:00:00 PM,19,11,8
04/14/2015 03:00:00 PM,18,12,6
04/14/2015 04:00:00 PM,59,52,7
04/14/2015 05:00:00 PM,98,91,7
04/14/2015 06:00:00 PM,55,50,5
04/14/2015 07:00:00 PM,26,20,6
04/14/2015 08:00:00 PM,8,7,1
04/14/2015 09:00:00 PM,10,7,3
04/14/2015 10:00:00 PM,1,1,0
04/14/2015 11:00:00 PM,2,1,1
04/15/2015 12:00:00 AM,2,2,0
04/15/2015 01:00:00 AM,1,1,0
04/15/2015 02:00:00 AM,1,0,1
04/15/2015 03:00:00 AM,2,1,1
04/15/2015 04:00:00 AM,4,1,3
04/15/2015 05:00:00 AM,21,3,18
04/15/2015 06:00:00 AM,65,6,59
04/15/2015 07:00:00 AM,110,14,96
04/15/2015 08:00:00 AM,107,5,102
04/15/2015 09:00:00 AM,43,8,35
04/15/2015 10:00:00 AM,23,6,17
04/15/2015 11:00:00 AM,14,4,10
04/15/2015 12:00:00 PM,23,11,12
04/15/2015 01:00:00 PM,20,10,10
04/15/2015 02:00:00 PM,34,22,12
04/15/2015 03:00:00 PM,43,32,11
04/15/2015 04:00:00 PM,103,81,22
04/15/2015 05:00:00 PM,136,117,19
04/15/2015 06:00:00 PM,108,82,26
04/15/2015 07:00:00 PM,55,39,16
04/15/2015 08:00:00 PM,22,15,7
04/15/2015 09:00:00 PM,10,6,4
04/15/2015 10:00:00 PM,9,7,2
04/15/2015 11:00:00 PM,3,2,1
04/16/2015 12:00:00 AM,4,3,1
04/16/2015 01:00:00 AM,0,0,0
04/16/2015 02:00:00 AM,2,0,2
04/16/2015 03:00:00 AM,0,0,0
04/16/2015 04:00:00 AM,5,0,5
04/16/2015 05:00:00 AM,21,2,19
04/16/2015 06:00:00 AM,71,9,62
04/16/2015 07:00:00 AM,116,15,101
04/16/2015 08:00:00 AM,113,12,101
04/16/2015 09:00:00 AM,49,6,43
04/16/2015 10:00:00 AM,23,3,20
04/16/2015 11:00:00 AM,29,10,19
04/16/2015 12:00:00 PM,31,13,18
04/16/2015 01:00:00 PM,29,10,19
04/16/2015 02:00:00 PM,40,23,17
04/16/2015 03:00:00 PM,59,44,15
04/16/2015 04:00:00 PM,110,85,25
04/16/2015 05:00:00 PM,151,129,22
04/16/2015 06:00:00 PM,116,94,22
04/16/2015 07:00:00 PM,49,35,14
04/16/2015 08:00:00 PM,30,16,14
04/16/2015 09:00:00 PM,18,11,7
04/16/2015 10:00:00 PM,6,4,2
04/16/2015 11:00:00 PM,5,4,1
04/17/2015 12:00:00 AM,4,3,1
04/17/2015 01:00:00 AM,2,1,1
04/17/2015 02:00:00 AM,1,1,0
04/17/2015 03:00:00 AM,0,0,0
04/17/2015 04:00:00 AM,0,0,0
04/17/2015 05:00:00 AM,16,1,15
04/17/2015 06:00:00 AM,56,6,50
04/17/2015 07:00:00 AM,112,18,94
04/17/2015 08:00:00 AM,97,10,87
04/17/2015 09:00:00 AM,36,3,33
04/17/2015 10:00:00 AM,35,14,21
04/17/2015 11:00:00 AM,10,4,6
04/17/2015 12:00:00 PM,33,16,17
04/17/2015 01:00:00 PM,23,11,12
04/17/2015 02:00:00 PM,37,19,18
04/17/2015 03:00:00 PM,65,44,21
04/17/2015 04:00:00 PM,110,89,21
04/17/2015 05:00:00 PM,125,110,15
04/17/2015 06:00:00 PM,77,65,12
04/17/2015 07:00:00 PM,32,24,8
04/17/2015 08:00:00 PM,20,16,4
04/17/2015 09:00:00 PM,10,6,4
04/17/2015 10:00:00 PM,7,3,4
04/17/2015 11:00:00 PM,2,2,0
04/18/2015 12:00:00 AM,3,2,1
04/18/2015 01:00:00 AM,3,2,1
04/18/2015 02:00:00 AM,0,0,0
04/18/2015 03:00:00 AM,3,1,2
04/18/2015 04:00:00 AM,1,0,1
04/18/2015 05:00:00 AM,5,0,5
04/18/2015 06:00:00 AM,14,6,8
04/18/2015 07:00:00 AM,41,23,18
04/18/2015 08:00:00 AM,66,36,30
04/18/2015 09:00:00 AM,56,25,31
04/18/2015 10:00:00 AM,73,43,30
04/18/2015 11:00:00 AM,90,34,56
04/18/2015 12:00:00 PM,70,36,34
04/18/2015 01:00:00 PM,100,48,52
04/18/2015 02:00:00 PM,99,44,55
04/18/2015 03:00:00 PM,74,35,39
04/18/2015 04:00:00 PM,50,26,24
04/18/2015 05:00:00 PM,67,39,28
04/18/2015 06:00:00 PM,49,24,25
04/18/2015 07:00:00 PM,19,8,11
04/18/2015 08:00:00 PM,23,10,13
04/18/2015 09:00:00 PM,11,7,4
04/18/2015 10:00:00 PM,5,3,2
04/18/2015 11:00:00 PM,3,2,1
04/19/2015 12:00:00 AM,6,4,2
04/19/2015 01:00:00 AM,4,3,1
04/19/2015 02:00:00 AM,1,1,0
04/19/2015 03:00:00 AM,1,0,1
04/19/2015 04:00:00 AM,5,1,4
04/19/2015 05:00:00 AM,3,0,3
04/19/2015 06:00:00 AM,8,4,4
04/19/2015 07:00:00 AM,16,4,12
04/19/2015 08:00:00 AM,40,18,22
04/19/2015 09:00:00 AM,77,25,52
04/19/2015 10:00:00 AM,65,34,31
04/19/2015 11:00:00 AM,78,43,35
04/19/2015 12:00:00 PM,111,67,44
04/19/2015 01:00:00 PM,79,45,34
04/19/2015 02:00:00 PM,93,51,42
04/19/2015 03:00:00 PM,68,36,32
04/19/2015 04:00:00 PM,75,39,36
04/19/2015 05:00:00 PM,72,31,41
04/19/2015 06:00:00 PM,28,13,15
04/19/2015 07:00:00 PM,20,13,7
04/19/2015 08:00:00 PM,14,8,6
04/19/2015 09:00:00 PM,11,4,7
04/19/2015 10:00:00 PM,6,5,1
04/19/2015 11:00:00 PM,2,1,1
04/20/2015 12:00:00 AM,1,0,1
04/20/2015 01:00:00 AM,5,4,1
04/20/2015 02:00:00 AM,1,1,0
04/20/2015 03:00:00 AM,0,0,0
04/20/2015 04:00:00 AM,5,2,3
04/20/2015 05:00:00 AM,21,2,19
04/20/2015 06:00:00 AM,83,13,70
04/20/2015 07:00:00 AM,146,20,126
04/20/2015 08:00:00 AM,135,14,121
04/20/2015 09:00:00 AM,57,8,49
04/20/2015 10:00:00 AM,28,6,22
04/20/2015 11:00:00 AM,29,10,19
04/20/2015 12:00:00 PM,32,13,19
04/20/2015 01:00:00 PM,23,14,9
04/20/2015 02:00:00 PM,46,26,20
04/20/2015 03:00:00 PM,61,41,20
04/20/2015 04:00:00 PM,135,101,34
04/20/2015 05:00:00 PM,181,152,29
04/20/2015 06:00:00 PM,130,112,18
04/20/2015 07:00:00 PM,40,34,6
04/20/2015 08:00:00 PM,28,20,8
04/20/2015 09:00:00 PM,19,14,5
04/20/2015 10:00:00 PM,3,3,0
04/20/2015 11:00:00 PM,7,5,2
04/21/2015 12:00:00 AM,2,1,1
04/21/2015 01:00:00 AM,3,2,1
04/21/2015 02:00:00 AM,3,2,1
04/21/2015 03:00:00 AM,3,2,1
04/21/2015 04:00:00 AM,5,2,3
04/21/2015 05:00:00 AM,26,4,22
04/21/2015 06:00:00 AM,92,13,79
04/21/2015 07:00:00 AM,150,15,135
04/21/2015 08:00:00 AM,108,9,99
04/21/2015 09:00:00 AM,43,11,32
04/21/2015 10:00:00 AM,24,10,14
04/21/2015 11:00:00 AM,23,10,13
04/21/2015 12:00:00 PM,29,11,18
04/21/2015 01:00:00 PM,31,14,17
04/21/2015 02:00:00 PM,25,16,9
04/21/2015 03:00:00 PM,44,37,7
04/21/2015 04:00:00 PM,125,104,21
04/21/2015 05:00:00 PM,113,104,9
04/21/2015 06:00:00 PM,79,67,12
04/21/2015 07:00:00 PM,29,23,6
04/21/2015 08:00:00 PM,9,5,4
04/21/2015 09:00:00 PM,12,11,1
04/21/2015 10:00:00 PM,6,4,2
04/21/2015 11:00:00 PM,5,5,0
04/22/2015 12:00:00 AM,0,0,0
04/22/2015 01:00:00 AM,1,1,0
04/22/2015 02:00:00 AM,2,1,1
04/22/2015 03:00:00 AM,2,1,1
04/22/2015 04:00:00 AM,2,1,1
04/22/2015 05:00:00 AM,19,3,16
04/22/2015 06:00:00 AM,81,9,72
04/22/2015 07:00:00 AM,131,13,118
04/22/2015 08:00:00 AM,110,14,96
04/22/2015 09:00:00 AM,47,13,34
04/22/2015 10:00:00 AM,12,2,10
04/22/2015 11:00:00 AM,17,5,12
04/22/2015 12:00:00 PM,27,12,15
04/22/2015 01:00:00 PM,31,8,23
04/22/2015 02:00:00 PM,32,21,11
04/22/2015 03:00:00 PM,43,33,10
04/22/2015 04:00:00 PM,91,71,20
04/22/2015 05:00:00 PM,141,118,23
04/22/2015 06:00:00 PM,110,96,14
04/22/2015 07:00:00 PM,45,26,19
04/22/2015 08:00:00 PM,25,21,4
04/22/2015 09:00:00 PM,16,13,3
04/22/2015 10:00:00 PM,8,4,4
04/22/2015 11:00:00 PM,3,1,2
04/23/2015 12:00:00 AM,2,2,0
04/23/2015 01:00:00 AM,1,1,0
04/23/2015 02:00:00 AM,0,0,0
04/23/2015 03:00:00 AM,1,1,0
04/23/2015 04:00:00 AM,3,0,3
04/23/2015 05:00:00 AM,16,1,15
04/23/2015 06:00:00 AM,59,8,51
04/23/2015 07:00:00 AM,99,9,90
04/23/2015 08:00:00 AM,105,12,93
04/23/2015 09:00:00 AM,35,4,31
04/23/2015 10:00:00 AM,13,2,11
04/23/2015 11:00:00 AM,12,3,9
04/23/2015 12:00:00 PM,13,2,11
04/23/2015 01:00:00 PM,9,4,5
04/23/2015 02:00:00 PM,21,15,6
04/23/2015 03:00:00 PM,36,25,11
04/23/2015 04:00:00 PM,52,46,6
04/23/2015 05:00:00 PM,88,83,5
04/23/2015 06:00:00 PM,87,76,11
04/23/2015 07:00:00 PM,36,31,5
04/23/2015 08:00:00 PM,5,4,1
04/23/2015 09:00:00 PM,13,9,4
04/23/2015 10:00:00 PM,6,6,0
04/23/2015 11:00:00 PM,3,2,1
04/24/2015 12:00:00 AM,3,3,0
04/24/2015 01:00:00 AM,2,1,1
04/24/2015 02:00:00 AM,1,1,0
04/24/2015 03:00:00 AM,0,0,0
04/24/2015 04:00:00 AM,2,0,2
04/24/2015 05:00:00 AM,11,2,9
04/24/2015 06:00:00 AM,46,4,42
04/24/2015 07:00:00 AM,75,12,63
04/24/2015 08:00:00 AM,72,5,67
04/24/2015 09:00:00 AM,26,1,25
04/24/2015 10:00:00 AM,11,1,10
04/24/2015 11:00:00 AM,5,1,4
04/24/2015 12:00:00 PM,12,5,7
04/24/2015 01:00:00 PM,12,5,7
04/24/2015 02:00:00 PM,14,10,4
04/24/2015 03:00:00 PM,28,21,7
04/24/2015 04:00:00 PM,65,55,10
04/24/2015 05:00:00 PM,77,66,11
04/24/2015 06:00:00 PM,38,31,7
04/24/2015 07:00:00 PM,28,20,8
04/24/2015 08:00:00 PM,10,8,2
04/24/2015 09:00:00 PM,4,4,0
04/24/2015 10:00:00 PM,5,5,0
04/24/2015 11:00:00 PM,3,0,3
04/25/2015 12:00:00 AM,5,3,2
04/25/2015 01:00:00 AM,2,1,1
04/25/2015 02:00:00 AM,2,2,0
04/25/2015 03:00:00 AM,2,0,2
04/25/2015 04:00:00 AM,0,0,0
04/25/2015 05:00:00 AM,3,0,3
04/25/2015 06:00:00 AM,5,1,4
04/25/2015 07:00:00 AM,12,3,9
04/25/2015 08:00:00 AM,26,11,15
04/25/2015 09:00:00 AM,26,11,15
04/25/2015 10:00:00 AM,46,20,26
04/25/2015 11:00:00 AM,37,18,19
04/25/2015 12:00:00 PM,49,26,23
04/25/2015 01:00:00 PM,67,27,40
04/25/2015 02:00:00 PM,56,26,30
04/25/2015 03:00:00 PM,38,28,10
04/25/2015 04:00:00 PM,31,17,14
04/25/2015 05:00:00 PM,47,25,22
04/25/2015 06:00:00 PM,20,16,4
04/25/2015 07:00:00 PM,25,14,11
04/25/2015 08:00:00 PM,20,12,8
04/25/2015 09:00:00 PM,10,6,4
04/25/2015 10:00:00 PM,9,7,2
04/25/2015 11:00:00 PM,4,2,2
04/26/2015 12:00:00 AM,4,2,2
04/26/2015 01:00:00 AM,1,0,1
04/26/2015 02:00:00 AM,1,1,0
04/26/2015 03:00:00 AM,1,0,1
04/26/2015 04:00:00 AM,2,1,1
04/26/2015 05:00:00 AM,4,1,3
04/26/2015 06:00:00 AM,6,3,3
04/26/2015 07:00:00 AM,13,3,10
04/26/2015 08:00:00 AM,37,9,28
04/26/2015 09:00:00 AM,30,18,12
04/26/2015 10:00:00 AM,44,26,18
04/26/2015 11:00:00 AM,53,26,27
04/26/2015 12:00:00 PM,51,24,27
04/26/2015 01:00:00 PM,51,26,25
04/26/2015 02:00:00 PM,40,20,20
04/26/2015 03:00:00 PM,68,35,33
04/26/2015 04:00:00 PM,70,41,29
04/26/2015 05:00:00 PM,66,29,37
04/26/2015 06:00:00 PM,18,11,7
04/26/2015 07:00:00 PM,16,9,7
04/26/2015 08:00:00 PM,8,5,3
04/26/2015 09:00:00 PM,3,3,0
04/26/2015 10:00:00 PM,5,3,2
04/26/2015 11:00:00 PM,5,5,0
04/27/2015 12:00:00 AM,2,1,1
04/27/2015 01:00:00 AM,1,0,1
04/27/2015 02:00:00 AM,0,0,0
04/27/2015 03:00:00 AM,3,1,2
04/27/2015 04:00:00 AM,4,2,2
04/27/2015 05:00:00 AM,22,4,18
04/27/2015 06:00:00 AM,69,12,57
04/27/2015 07:00:00 AM,158,25,133
04/27/2015 08:00:00 AM,134,9,125
04/27/2015 09:00:00 AM,51,5,46
04/27/2015 10:00:00 AM,18,4,14
04/27/2015 11:00:00 AM,20,7,13
04/27/2015 12:00:00 PM,32,13,19
04/27/2015 01:00:00 PM,26,11,15
04/27/2015 02:00:00 PM,45,27,18
04/27/2015 03:00:00 PM,72,51,21
04/27/2015 04:00:00 PM,165,133,32
04/27/2015 05:00:00 PM,206,171,35
04/27/2015 06:00:00 PM,145,118,27
04/27/2015 07:00:00 PM,48,30,18
04/27/2015 08:00:00 PM,29,16,13
04/27/2015 09:00:00 PM,9,3,6
04/27/2015 10:00:00 PM,5,5,0
04/27/2015 11:00:00 PM,7,4,3
04/28/2015 12:00:00 AM,1,1,0
04/28/2015 01:00:00 AM,1,1,0
04/28/2015 02:00:00 AM,1,0,1
04/28/2015 03:00:00 AM,4,3,1
04/28/2015 04:00:00 AM,2,0,2
04/28/2015 05:00:00 AM,15,2,13
04/28/2015 06:00:00 AM,85,12,73
04/28/2015 07:00:00 AM,124,14,110
04/28/2015 08:00:00 AM,121,11,110
04/28/2015 09:00:00 AM,30,4,26
04/28/2015 10:00:00 AM,21,4,17
04/28/2015 11:00:00 AM,24,13,11
04/28/2015 12:00:00 PM,25,9,16
04/28/2015 01:00:00 PM,7,4,3
04/28/2015 02:00:00 PM,21,10,11
04/28/2015 03:00:00 PM,42,32,10
04/28/2015 04:00:00 PM,66,57,9
04/28/2015 05:00:00 PM,107,94,13
04/28/2015 06:00:00 PM,87,79,8
04/28/2015 07:00:00 PM,34,26,8
04/28/2015 08:00:00 PM,18,17,1
04/28/2015 09:00:00 PM,13,10,3
04/28/2015 10:00:00 PM,5,4,1
04/28/2015 11:00:00 PM,3,3,0
04/29/2015 12:00:00 AM,0,0,0
04/29/2015 01:00:00 AM,1,1,0
04/29/2015 02:00:00 AM,1,0,1
04/29/2015 03:00:00 AM,0,0,0
04/29/2015 04:00:00 AM,2,1,1
04/29/2015 05:00:00 AM,11,2,9
04/29/2015 06:00:00 AM,62,5,57
04/29/2015 07:00:00 AM,137,15,122
04/29/2015 08:00:00 AM,119,15,104
04/29/2015 09:00:00 AM,68,13,55
04/29/2015 10:00:00 AM,14,7,7
04/29/2015 11:00:00 AM,17,6,11
04/29/2015 12:00:00 PM,20,11,9
04/29/2015 01:00:00 PM,26,10,16
04/29/2015 02:00:00 PM,31,20,11
04/29/2015 03:00:00 PM,36,29,7
04/29/2015 04:00:00 PM,101,84,17
04/29/2015 05:00:00 PM,165,135,30
04/29/2015 06:00:00 PM,108,89,19
04/29/2015 07:00:00 PM,64,46,18
04/29/2015 08:00:00 PM,28,19,9
04/29/2015 09:00:00 PM,11,6,5
04/29/2015 10:00:00 PM,6,6,0
04/29/2015 11:00:00 PM,3,2,1
04/30/2015 12:00:00 AM,1,0,1
04/30/2015 01:00:00 AM,0,0,0
04/30/2015 02:00:00 AM,1,1,0
04/30/2015 03:00:00 AM,0,0,0
04/30/2015 04:00:00 AM,3,0,3
04/30/2015 05:00:00 AM,25,4,21
04/30/2015 06:00:00 AM,82,13,69
04/30/2015 07:00:00 AM,150,16,134
04/30/2015 08:00:00 AM,121,8,113
04/30/2015 09:00:00 AM,52,8,44
04/30/2015 10:00:00 AM,20,6,14
04/30/2015 11:00:00 AM,26,7,19
04/30/2015 12:00:00 PM,27,14,13
04/30/2015 01:00:00 PM,24,14,10
04/30/2015 02:00:00 PM,42,22,20
04/30/2015 03:00:00 PM,52,40,12
04/30/2015 04:00:00 PM,104,85,19
04/30/2015 05:00:00 PM,156,131,25
04/30/2015 06:00:00 PM,117,98,19
04/30/2015 07:00:00 PM,59,48,11
04/30/2015 08:00:00 PM,28,20,8
04/30/2015 09:00:00 PM,17,9,8
04/30/2015 10:00:00 PM,12,11,1
04/30/2015 11:00:00 PM,5,3,2
04/01/2016 12:00:00 AM,12,3,9
04/01/2016 01:00:00 AM,12,0,12
04/01/2016 02:00:00 AM,0,0,0
04/01/2016 03:00:00 AM,1,0,1
04/01/2016 04:00:00 AM,3,1,2
04/01/2016 05:00:00 AM,25,5,20
04/01/2016 06:00:00 AM,74,13,61
04/01/2016 07:00:00 AM,117,14,103
04/01/2016 08:00:00 AM,136,17,119
04/01/2016 09:00:00 AM,53,12,41
04/01/2016 10:00:00 AM,43,17,26
04/01/2016 11:00:00 AM,28,15,13
04/01/2016 12:00:00 PM,43,13,30
04/01/2016 01:00:00 PM,41,24,17
04/01/2016 02:00:00 PM,53,33,20
04/01/2016 03:00:00 PM,76,50,26
04/01/2016 04:00:00 PM,118,87,31
04/01/2016 05:00:00 PM,172,141,31
04/01/2016 06:00:00 PM,107,82,25
04/01/2016 07:00:00 PM,49,22,27
04/01/2016 08:00:00 PM,19,9,10
04/01/2016 09:00:00 PM,17,9,8
04/01/2016 10:00:00 PM,12,10,2
04/01/2016 11:00:00 PM,5,3,2
04/02/2016 12:00:00 AM,25,23,2
04/02/2016 01:00:00 AM,10,0,10
04/02/2016 02:00:00 AM,11,3,8
04/02/2016 03:00:00 AM,2,2,0
04/02/2016 04:00:00 AM,1,0,1
04/02/2016 05:00:00 AM,3,0,3
04/02/2016 06:00:00 AM,8,0,8
04/02/2016 07:00:00 AM,19,1,18
04/02/2016 08:00:00 AM,29,11,18
04/02/2016 09:00:00 AM,44,30,14
04/02/2016 10:00:00 AM,50,13,37
04/02/2016 11:00:00 AM,49,25,24
04/02/2016 12:00:00 PM,47,18,29
04/02/2016 01:00:00 PM,58,33,25
04/02/2016 02:00:00 PM,58,43,15
04/02/2016 03:00:00 PM,71,29,42
04/02/2016 04:00:00 PM,70,35,35
04/02/2016 05:00:00 PM,47,23,24
04/02/2016 06:00:00 PM,55,28,27
04/02/2016 07:00:00 PM,10,5,5
04/02/2016 08:00:00 PM,10,3,7
04/02/2016 09:00:00 PM,10,9,1
04/02/2016 10:00:00 PM,1,1,0
04/02/2016 11:00:00 PM,4,4,0
04/03/2016 12:00:00 AM,2,2,0
04/03/2016 01:00:00 AM,3,3,0
04/03/2016 02:00:00 AM,1,0,1
04/03/2016 03:00:00 AM,1,1,0
04/03/2016 04:00:00 AM,2,1,1
04/03/2016 05:00:00 AM,5,1,4
04/03/2016 06:00:00 AM,21,0,21
04/03/2016 07:00:00 AM,14,2,12
04/03/2016 08:00:00 AM,18,8,10
04/03/2016 09:00:00 AM,46,24,22
04/03/2016 10:00:00 AM,56,28,28
04/03/2016 11:00:00 AM,123,96,27
04/03/2016 12:00:00 PM,80,50,30
04/03/2016 01:00:00 PM,67,30,37
04/03/2016 02:00:00 PM,83,24,59
04/03/2016 03:00:00 PM,76,32,44
04/03/2016 04:00:00 PM,96,44,52
04/03/2016 05:00:00 PM,33,17,16
04/03/2016 06:00:00 PM,33,21,12
04/03/2016 07:00:00 PM,22,8,14
04/03/2016 08:00:00 PM,7,3,4
04/03/2016 09:00:00 PM,3,3,0
04/03/2016 10:00:00 PM,2,1,1
04/03/2016 11:00:00 PM,4,3,1
04/04/2016 12:00:00 AM,0,0,0
04/04/2016 01:00:00 AM,1,1,0
04/04/2016 02:00:00 AM,1,0,1
04/04/2016 03:00:00 AM,3,2,1
04/04/2016 04:00:00 AM,6,2,4
04/04/2016 05:00:00 AM,19,3,16
04/04/2016 06:00:00 AM,48,5,43
04/04/2016 07:00:00 AM,106,9,97
04/04/2016 08:00:00 AM,106,9,97
04/04/2016 09:00:00 AM,35,2,33
04/04/2016 10:00:00 AM,20,3,17
04/04/2016 11:00:00 AM,22,10,12
04/04/2016 12:00:00 PM,13,6,7
04/04/2016 01:00:00 PM,19,4,15
04/04/2016 02:00:00 PM,25,14,11
04/04/2016 03:00:00 PM,31,25,6
04/04/2016 04:00:00 PM,60,51,9
04/04/2016 05:00:00 PM,145,125,20
04/04/2016 06:00:00 PM,74,59,15
04/04/2016 07:00:00 PM,35,28,7
04/04/2016 08:00:00 PM,11,9,2
04/04/2016 09:00:00 PM,16,15,1
04/04/2016 10:00:00 PM,4,3,1
04/04/2016 11:00:00 PM,6,3,3
04/05/2016 12:00:00 AM,4,4,0
04/05/2016 01:00:00 AM,1,0,1
04/05/2016 02:00:00 AM,1,1,0
04/05/2016 03:00:00 AM,3,2,1
04/05/2016 04:00:00 AM,2,0,2
04/05/2016 05:00:00 AM,25,3,22
04/05/2016 06:00:00 AM,66,5,61
04/05/2016 07:00:00 AM,149,13,136
04/05/2016 08:00:00 AM,132,11,121
04/05/2016 09:00:00 AM,46,6,40
04/05/2016 10:00:00 AM,17,4,13
04/05/2016 11:00:00 AM,11,8,3
04/05/2016 12:00:00 PM,21,6,15
04/05/2016 01:00:00 PM,35,17,18
04/05/2016 02:00:00 PM,30,18,12
04/05/2016 03:00:00 PM,42,30,12
04/05/2016 04:00:00 PM,105,82,23
04/05/2016 05:00:00 PM,170,155,15
04/05/2016 06:00:00 PM,104,89,15
04/05/2016 07:00:00 PM,42,37,5
04/05/2016 08:00:00 PM,23,17,6
04/05/2016 09:00:00 PM,13,11,2
04/05/2016 10:00:00 PM,10,8,2
04/05/2016 11:00:00 PM,4,2,2
04/06/2016 12:00:00 AM,6,4,2
04/06/2016 01:00:00 AM,3,1,2
04/06/2016 02:00:00 AM,1,0,1
04/06/2016 03:00:00 AM,1,1,0
04/06/2016 04:00:00 AM,3,0,3
04/06/2016 05:00:00 AM,23,2,21
04/06/2016 06:00:00 AM,67,7,60
04/06/2016 07:00:00 AM,148,17,131
04/06/2016 08:00:00 AM,159,13,146
04/06/2016 09:00:00 AM,64,10,54
04/06/2016 10:00:00 AM,40,14,26
04/06/2016 11:00:00 AM,28,11,17
04/06/2016 12:00:00 PM,29,15,14
04/06/2016 01:00:00 PM,29,13,16
04/06/2016 02:00:00 PM,40,25,15
04/06/2016 03:00:00 PM,65,45,20
04/06/2016 04:00:00 PM,119,94,25
04/06/2016 05:00:00 PM,188,157,31
04/06/2016 06:00:00 PM,140,109,31
04/06/2016 07:00:00 PM,54,33,21
04/06/2016 08:00:00 PM,28,19,9
04/06/2016 09:00:00 PM,16,14,2
04/06/2016 10:00:00 PM,7,6,1
04/06/2016 11:00:00 PM,3,2,1
04/07/2016 12:00:00 AM,3,2,1
04/07/2016 01:00:00 AM,0,0,0
04/07/2016 02:00:00 AM,0,0,0
04/07/2016 03:00:00 AM,0,0,0
04/07/2016 04:00:00 AM,7,0,7
04/07/2016 05:00:00 AM,29,1,28
04/07/2016 06:00:00 AM,102,11,91
04/07/2016 07:00:00 AM,160,11,149
04/07/2016 08:00:00 AM,167,23,144
04/07/2016 09:00:00 AM,54,10,44
04/07/2016 10:00:00 AM,40,9,31
04/07/2016 11:00:00 AM,31,16,15
04/07/2016 12:00:00 PM,37,19,18
04/07/2016 01:00:00 PM,43,20,23
04/07/2016 02:00:00 PM,47,30,17
04/07/2016 03:00:00 PM,81,44,37
04/07/2016 04:00:00 PM,134,110,24
04/07/2016 05:00:00 PM,230,198,32
04/07/2016 06:00:00 PM,152,126,26
04/07/2016 07:00:00 PM,64,44,20
04/07/2016 08:00:00 PM,42,29,13
04/07/2016 09:00:00 PM,19,13,6
04/07/2016 10:00:00 PM,4,3,1
04/07/2016 11:00:00 PM,5,4,1
04/08/2016 12:00:00 AM,2,2,0
04/08/2016 01:00:00 AM,3,2,1
04/08/2016 02:00:00 AM,2,1,1
04/08/2016 03:00:00 AM,0,0,0
04/08/2016 04:00:00 AM,3,0,3
04/08/2016 05:00:00 AM,20,1,19
04/08/2016 06:00:00 AM,64,9,55
04/08/2016 07:00:00 AM,136,16,120
04/08/2016 08:00:00 AM,137,17,120
04/08/2016 09:00:00 AM,57,8,49
04/08/2016 10:00:00 AM,26,6,20
04/08/2016 11:00:00 AM,37,17,20
04/08/2016 12:00:00 PM,33,20,13
04/08/2016 01:00:00 PM,49,24,25
04/08/2016 02:00:00 PM,45,28,17
04/08/2016 03:00:00 PM,64,40,24
04/08/2016 04:00:00 PM,118,89,29
04/08/2016 05:00:00 PM,159,128,31
04/08/2016 06:00:00 PM,92,75,17
04/08/2016 07:00:00 PM,37,27,10
04/08/2016 08:00:00 PM,22,17,5
04/08/2016 09:00:00 PM,11,8,3
04/08/2016 10:00:00 PM,19,16,3
04/08/2016 11:00:00 PM,6,6,0
04/09/2016 12:00:00 AM,5,4,1
04/09/2016 01:00:00 AM,2,2,0
04/09/2016 02:00:00 AM,3,1,2
04/09/2016 03:00:00 AM,2,2,0
04/09/2016 04:00:00 AM,3,1,2
04/09/2016 05:00:00 AM,4,0,4
04/09/2016 06:00:00 AM,10,4,6
04/09/2016 07:00:00 AM,33,4,29
04/09/2016 08:00:00 AM,40,24,16
04/09/2016 09:00:00 AM,65,14,51
04/09/2016 10:00:00 AM,69,27,42
04/09/2016 11:00:00 AM,78,41,37
04/09/2016 12:00:00 PM,53,30,23
04/09/2016 01:00:00 PM,122,88,34
04/09/2016 02:00:00 PM,91,46,45
04/09/2016 03:00:00 PM,79,47,32
04/09/2016 04:00:00 PM,84,41,43
04/09/2016 05:00:00 PM,52,22,30
04/09/2016 06:00:00 PM,36,11,25
04/09/2016 07:00:00 PM,21,9,12
04/09/2016 08:00:00 PM,17,8,9
04/09/2016 09:00:00 PM,10,10,0
04/09/2016 10:00:00 PM,4,3,1
04/09/2016 11:00:00 PM,2,1,1
04/10/2016 12:00:00 AM,3,1,2
04/10/2016 01:00:00 AM,7,6,1
04/10/2016 02:00:00 AM,1,1,0
04/10/2016 03:00:00 AM,5,4,1
04/10/2016 04:00:00 AM,3,1,2
04/10/2016 05:00:00 AM,6,1,5
04/10/2016 06:00:00 AM,2,0,2
04/10/2016 07:00:00 AM,8,2,6
04/10/2016 08:00:00 AM,23,6,17
04/10/2016 09:00:00 AM,27,16,11
04/10/2016 10:00:00 AM,44,22,22
04/10/2016 11:00:00 AM,38,20,18
04/10/2016 12:00:00 PM,38,15,23
04/10/2016 01:00:00 PM,52,24,28
04/10/2016 02:00:00 PM,44,24,20
04/10/2016 03:00:00 PM,56,26,30
04/10/2016 04:00:00 PM,39,20,19
04/10/2016 05:00:00 PM,31,15,16
04/10/2016 06:00:00 PM,50,31,19
04/10/2016 07:00:00 PM,18,8,10
04/10/2016 08:00:00 PM,6,4,2
04/10/2016 09:00:00 PM,9,4,5
04/10/2016 10:00:00 PM,3,2,1
04/10/2016 11:00:00 PM,1,1,0
04/11/2016 12:00:00 AM,2,2,0
04/11/2016 01:00:00 AM,1,1,0
04/11/2016 02:00:00 AM,1,1,0
04/11/2016 03:00:00 AM,1,1,0
04/11/2016 04:00:00 AM,3,0,3
04/11/2016 05:00:00 AM,20,1,19
04/11/2016 06:00:00 AM,63,6,57
04/11/2016 07:00:00 AM,115,13,102
04/11/2016 08:00:00 AM,133,14,119
04/11/2016 09:00:00 AM,48,12,36
04/11/2016 10:00:00 AM,17,3,14
04/11/2016 11:00:00 AM,20,9,11
04/11/2016 12:00:00 PM,23,12,11
04/11/2016 01:00:00 PM,13,8,5
04/11/2016 02:00:00 PM,32,21,11
04/11/2016 03:00:00 PM,42,27,15
04/11/2016 04:00:00 PM,83,68,15
04/11/2016 05:00:00 PM,170,154,16
04/11/2016 06:00:00 PM,92,70,22
04/11/2016 07:00:00 PM,37,28,9
04/11/2016 08:00:00 PM,10,7,3
04/11/2016 09:00:00 PM,9,6,3
04/11/2016 10:00:00 PM,6,5,1
04/11/2016 11:00:00 PM,2,2,0
04/12/2016 12:00:00 AM,3,3,0
04/12/2016 01:00:00 AM,1,1,0
04/12/2016 02:00:00 AM,1,0,1
04/12/2016 03:00:00 AM,2,1,1
04/12/2016 04:00:00 AM,6,1,5
04/12/2016 05:00:00 AM,21,3,18
04/12/2016 06:00:00 AM,60,7,53
04/12/2016 07:00:00 AM,106,15,91
04/12/2016 08:00:00 AM,96,15,81
04/12/2016 09:00:00 AM,30,1,29
04/12/2016 10:00:00 AM,25,11,14
04/12/2016 11:00:00 AM,21,9,12
04/12/2016 12:00:00 PM,17,7,10
04/12/2016 01:00:00 PM,16,6,10
04/12/2016 02:00:00 PM,22,12,10
04/12/2016 03:00:00 PM,25,18,7
04/12/2016 04:00:00 PM,30,25,5
04/12/2016 05:00:00 PM,99,89,10
04/12/2016 06:00:00 PM,54,47,7
04/12/2016 07:00:00 PM,21,19,2
04/12/2016 08:00:00 PM,9,8,1
04/12/2016 09:00:00 PM,8,8,0
04/12/2016 10:00:00 PM,3,2,1
04/12/2016 11:00:00 PM,0,0,0
04/13/2016 12:00:00 AM,0,0,0
04/13/2016 01:00:00 AM,1,1,0
04/13/2016 02:00:00 AM,1,0,1
04/13/2016 03:00:00 AM,1,1,0
04/13/2016 04:00:00 AM,2,0,2
04/13/2016 05:00:00 AM,13,5,8
04/13/2016 06:00:00 AM,45,5,40
04/13/2016 07:00:00 AM,108,15,93
04/13/2016 08:00:00 AM,112,9,103
04/13/2016 09:00:00 AM,46,6,40
04/13/2016 10:00:00 AM,19,4,15
04/13/2016 11:00:00 AM,17,7,10
04/13/2016 12:00:00 PM,31,13,18
04/13/2016 01:00:00 PM,18,8,10
04/13/2016 02:00:00 PM,26,15,11
04/13/2016 03:00:00 PM,26,19,7
04/13/2016 04:00:00 PM,91,69,22
04/13/2016 05:00:00 PM,143,125,18
04/13/2016 06:00:00 PM,90,70,20
04/13/2016 07:00:00 PM,52,43,9
04/13/2016 08:00:00 PM,39,22,17
04/13/2016 09:00:00 PM,12,11,1
04/13/2016 10:00:00 PM,4,2,2
04/13/2016 11:00:00 PM,5,3,2
04/14/2016 12:00:00 AM,3,2,1
04/14/2016 01:00:00 AM,1,1,0
04/14/2016 02:00:00 AM,0,0,0
04/14/2016 03:00:00 AM,0,0,0
04/14/2016 04:00:00 AM,7,2,5
04/14/2016 05:00:00 AM,17,3,14
04/14/2016 06:00:00 AM,44,4,40
04/14/2016 07:00:00 AM,106,14,92
04/14/2016 08:00:00 AM,125,9,116
04/14/2016 09:00:00 AM,53,7,46
04/14/2016 10:00:00 AM,19,2,17
04/14/2016 11:00:00 AM,18,11,7
04/14/2016 12:00:00 PM,17,6,11
04/14/2016 01:00:00 PM,32,16,16
04/14/2016 02:00:00 PM,31,23,8
04/14/2016 03:00:00 PM,51,34,17
04/14/2016 04:00:00 PM,83,60,23
04/14/2016 05:00:00 PM,145,131,14
04/14/2016 06:00:00 PM,85,67,18
04/14/2016 07:00:00 PM,48,37,11
04/14/2016 08:00:00 PM,18,15,3
04/14/2016 09:00:00 PM,10,8,2
04/14/2016 10:00:00 PM,4,2,2
04/14/2016 11:00:00 PM,19,10,9
04/15/2016 12:00:00 AM,3,3,0
04/15/2016 01:00:00 AM,0,0,0
04/15/2016 02:00:00 AM,0,0,0
04/15/2016 03:00:00 AM,2,2,0
04/15/2016 04:00:00 AM,0,0,0
04/15/2016 05:00:00 AM,13,1,12
04/15/2016 06:00:00 AM,51,2,49
04/15/2016 07:00:00 AM,107,12,95
04/15/2016 08:00:00 AM,94,9,85
04/15/2016 09:00:00 AM,58,6,52
04/15/2016 10:00:00 AM,33,9,24
04/15/2016 11:00:00 AM,25,10,15
04/15/2016 12:00:00 PM,28,13,15
04/15/2016 01:00:00 PM,24,14,10
04/15/2016 02:00:00 PM,19,11,8
04/15/2016 03:00:00 PM,45,32,13
04/15/2016 04:00:00 PM,94,75,19
04/15/2016 05:00:00 PM,119,101,18
04/15/2016 06:00:00 PM,59,54,5
04/15/2016 07:00:00 PM,31,20,11
04/15/2016 08:00:00 PM,11,8,3
04/15/2016 09:00:00 PM,11,9,2
04/15/2016 10:00:00 PM,8,4,4
04/15/2016 11:00:00 PM,2,1,1
04/16/2016 12:00:00 AM,3,3,0
04/16/2016 01:00:00 AM,3,2,1
04/16/2016 02:00:00 AM,2,1,1
04/16/2016 03:00:00 AM,1,1,0
04/16/2016 04:00:00 AM,2,1,1
04/16/2016 05:00:00 AM,2,0,2
04/16/2016 06:00:00 AM,5,0,5
04/16/2016 07:00:00 AM,33,17,16
04/16/2016 08:00:00 AM,74,47,27
04/16/2016 09:00:00 AM,65,36,29
04/16/2016 10:00:00 AM,56,30,26
04/16/2016 11:00:00 AM,61,30,31
04/16/2016 12:00:00 PM,80,35,45
04/16/2016 01:00:00 PM,91,42,49
04/16/2016 02:00:00 PM,97,34,63
04/16/2016 03:00:00 PM,62,33,29
04/16/2016 04:00:00 PM,53,16,37
04/16/2016 05:00:00 PM,49,21,28
04/16/2016 06:00:00 PM,17,11,6
04/16/2016 07:00:00 PM,32,13,19
04/16/2016 08:00:00 PM,10,5,5
04/16/2016 09:00:00 PM,14,10,4
04/16/2016 10:00:00 PM,8,6,2
04/16/2016 11:00:00 PM,2,0,2
04/17/2016 12:00:00 AM,3,2,1
04/17/2016 01:00:00 AM,2,2,0
04/17/2016 02:00:00 AM,1,1,0
04/17/2016 03:00:00 AM,5,4,1
04/17/2016 04:00:00 AM,1,1,0
04/17/2016 05:00:00 AM,5,0,5
04/17/2016 06:00:00 AM,1,1,0
04/17/2016 07:00:00 AM,14,1,13
04/17/2016 08:00:00 AM,37,14,23
04/17/2016 09:00:00 AM,54,32,22
04/17/2016 10:00:00 AM,87,45,42
04/17/2016 11:00:00 AM,86,35,51
04/17/2016 12:00:00 PM,104,55,49
04/17/2016 01:00:00 PM,106,67,39
04/17/2016 02:00:00 PM,123,56,67
04/17/2016 03:00:00 PM,100,48,52
04/17/2016 04:00:00 PM,70,34,36
04/17/2016 05:00:00 PM,62,28,34
04/17/2016 06:00:00 PM,59,25,34
04/17/2016 07:00:00 PM,30,14,16
04/17/2016 08:00:00 PM,18,9,9
04/17/2016 09:00:00 PM,11,4,7
04/17/2016 10:00:00 PM,2,1,1
04/17/2016 11:00:00 PM,3,1,2
04/18/2016 12:00:00 AM,6,3,3
04/18/2016 01:00:00 AM,1,0,1
04/18/2016 02:00:00 AM,14,5,9
04/18/2016 03:00:00 AM,1,1,0
04/18/2016 04:00:00 AM,5,0,5
04/18/2016 05:00:00 AM,22,1,21
04/18/2016 06:00:00 AM,69,9,60
04/18/2016 07:00:00 AM,160,17,143
04/18/2016 08:00:00 AM,163,14,149
04/18/2016 09:00:00 AM,69,11,58
04/18/2016 10:00:00 AM,39,9,30
04/18/2016 11:00:00 AM,30,15,15
04/18/2016 12:00:00 PM,40,20,20
04/18/2016 01:00:00 PM,42,17,25
04/18/2016 02:00:00 PM,49,28,21
04/18/2016 03:00:00 PM,47,34,13
04/18/2016 04:00:00 PM,133,99,34
04/18/2016 05:00:00 PM,239,202,37
04/18/2016 06:00:00 PM,131,112,19
04/18/2016 07:00:00 PM,74,53,21
04/18/2016 08:00:00 PM,29,18,11
04/18/2016 09:00:00 PM,13,8,5
04/18/2016 10:00:00 PM,6,4,2
04/18/2016 11:00:00 PM,10,6,4
04/19/2016 12:00:00 AM,1,1,0
04/19/2016 01:00:00 AM,6,6,0
04/19/2016 02:00:00 AM,4,2,2
04/19/2016 03:00:00 AM,2,2,0
04/19/2016 04:00:00 AM,7,0,7
04/19/2016 05:00:00 AM,28,4,24
04/19/2016 06:00:00 AM,102,12,90
04/19/2016 07:00:00 AM,200,23,177
04/19/2016 08:00:00 AM,179,18,161
04/19/2016 09:00:00 AM,77,17,60
04/19/2016 10:00:00 AM,33,13,20
04/19/2016 11:00:00 AM,42,21,21
04/19/2016 12:00:00 PM,26,14,12
04/19/2016 01:00:00 PM,53,29,24
04/19/2016 02:00:00 PM,51,29,22
04/19/2016 03:00:00 PM,82,45,37
04/19/2016 04:00:00 PM,133,106,27
04/19/2016 05:00:00 PM,252,215,37
04/19/2016 06:00:00 PM,154,130,24
04/19/2016 07:00:00 PM,63,43,20
04/19/2016 08:00:00 PM,41,25,16
04/19/2016 09:00:00 PM,27,21,6
04/19/2016 10:00:00 PM,2,1,1
04/19/2016 11:00:00 PM,7,5,2
04/20/2016 12:00:00 AM,3,2,1
04/20/2016 01:00:00 AM,2,0,2
04/20/2016 02:00:00 AM,5,3,2
04/20/2016 03:00:00 AM,2,2,0
04/20/2016 04:00:00 AM,2,0,2
04/20/2016 05:00:00 AM,36,6,30
04/20/2016 06:00:00 AM,108,15,93
04/20/2016 07:00:00 AM,180,19,161
04/20/2016 08:00:00 AM,159,17,142
04/20/2016 09:00:00 AM,77,17,60
04/20/2016 10:00:00 AM,32,9,23
04/20/2016 11:00:00 AM,31,14,17
04/20/2016 12:00:00 PM,30,15,15
04/20/2016 01:00:00 PM,35,17,18
04/20/2016 02:00:00 PM,41,29,12
04/20/2016 03:00:00 PM,69,45,24
04/20/2016 04:00:00 PM,136,96,40
04/20/2016 05:00:00 PM,240,206,34
04/20/2016 06:00:00 PM,151,120,31
04/20/2016 07:00:00 PM,68,47,21
04/20/2016 08:00:00 PM,29,21,8
04/20/2016 09:00:00 PM,17,10,7
04/20/2016 10:00:00 PM,8,7,1
04/20/2016 11:00:00 PM,5,4,1
04/21/2016 12:00:00 AM,4,4,0
04/21/2016 01:00:00 AM,1,0,1
04/21/2016 02:00:00 AM,2,2,0
04/21/2016 03:00:00 AM,1,1,0
04/21/2016 04:00:00 AM,4,1,3
04/21/2016 05:00:00 AM,30,3,27
04/21/2016 06:00:00 AM,87,12,75
04/21/2016 07:00:00 AM,163,23,140
04/21/2016 08:00:00 AM,176,19,157
04/21/2016 09:00:00 AM,58,3,55
04/21/2016 10:00:00 AM,37,7,30
04/21/2016 11:00:00 AM,26,11,15
04/21/2016 12:00:00 PM,43,26,17
04/21/2016 01:00:00 PM,43,22,21
04/21/2016 02:00:00 PM,44,27,17
04/21/2016 03:00:00 PM,52,35,17
04/21/2016 04:00:00 PM,129,94,35
04/21/2016 05:00:00 PM,203,180,23
04/21/2016 06:00:00 PM,130,106,24
04/21/2016 07:00:00 PM,71,45,26
04/21/2016 08:00:00 PM,31,17,14
04/21/2016 09:00:00 PM,23,19,4
04/21/2016 10:00:00 PM,8,5,3
04/21/2016 11:00:00 PM,4,3,1
04/22/2016 12:00:00 AM,4,4,0
04/22/2016 01:00:00 AM,1,0,1
04/22/2016 02:00:00 AM,3,1,2
04/22/2016 03:00:00 AM,1,1,0
04/22/2016 04:00:00 AM,8,3,5
04/22/2016 05:00:00 AM,20,4,16
04/22/2016 06:00:00 AM,46,10,36
04/22/2016 07:00:00 AM,113,13,100
04/22/2016 08:00:00 AM,105,20,85
04/22/2016 09:00:00 AM,45,5,40
04/22/2016 10:00:00 AM,19,1,18
04/22/2016 11:00:00 AM,19,11,8
04/22/2016 12:00:00 PM,18,8,10
04/22/2016 01:00:00 PM,24,14,10
04/22/2016 02:00:00 PM,16,9,7
04/22/2016 03:00:00 PM,31,23,8
04/22/2016 04:00:00 PM,67,54,13
04/22/2016 05:00:00 PM,112,101,11
04/22/2016 06:00:00 PM,60,50,10
04/22/2016 07:00:00 PM,24,14,10
04/22/2016 08:00:00 PM,8,8,0
04/22/2016 09:00:00 PM,4,3,1
04/22/2016 10:00:00 PM,4,2,2
04/22/2016 11:00:00 PM,4,1,3
04/23/2016 12:00:00 AM,7,5,2
04/23/2016 01:00:00 AM,5,5,0
04/23/2016 02:00:00 AM,1,0,1
04/23/2016 03:00:00 AM,2,0,2
04/23/2016 04:00:00 AM,1,0,1
04/23/2016 05:00:00 AM,7,1,6
04/23/2016 06:00:00 AM,9,1,8
04/23/2016 07:00:00 AM,21,5,16
04/23/2016 08:00:00 AM,34,13,21
04/23/2016 09:00:00 AM,41,29,12
04/23/2016 10:00:00 AM,46,22,24
04/23/2016 11:00:00 AM,118,80,38
04/23/2016 12:00:00 PM,48,26,22
04/23/2016 01:00:00 PM,63,37,26
04/23/2016 02:00:00 PM,33,13,20
04/23/2016 03:00:00 PM,75,32,43
04/23/2016 04:00:00 PM,44,22,22
04/23/2016 05:00:00 PM,34,25,9
04/23/2016 06:00:00 PM,14,8,6
04/23/2016 07:00:00 PM,7,1,6
04/23/2016 08:00:00 PM,8,6,2
04/23/2016 09:00:00 PM,10,5,5
04/23/2016 10:00:00 PM,4,1,3
04/23/2016 11:00:00 PM,2,2,0
04/24/2016 12:00:00 AM,0,0,0
04/24/2016 01:00:00 AM,1,1,0
04/24/2016 02:00:00 AM,3,2,1
04/24/2016 03:00:00 AM,3,2,1
04/24/2016 04:00:00 AM,0,0,0
04/24/2016 05:00:00 AM,5,2,3
04/24/2016 06:00:00 AM,4,0,4
04/24/2016 07:00:00 AM,7,1,6
04/24/2016 08:00:00 AM,13,6,7
04/24/2016 09:00:00 AM,3,1,2
04/24/2016 10:00:00 AM,5,4,1
04/24/2016 11:00:00 AM,8,2,6
04/24/2016 12:00:00 PM,4,2,2
04/24/2016 01:00:00 PM,7,3,4
04/24/2016 02:00:00 PM,11,4,7
04/24/2016 03:00:00 PM,10,7,3
04/24/2016 04:00:00 PM,12,7,5
04/24/2016 05:00:00 PM,8,5,3
04/24/2016 06:00:00 PM,7,5,2
04/24/2016 07:00:00 PM,11,5,6
04/24/2016 08:00:00 PM,3,2,1
04/24/2016 09:00:00 PM,4,3,1
04/24/2016 10:00:00 PM,3,1,2
04/24/2016 11:00:00 PM,3,2,1
04/25/2016 12:00:00 AM,1,1,0
04/25/2016 01:00:00 AM,0,0,0
04/25/2016 02:00:00 AM,2,1,1
04/25/2016 03:00:00 AM,1,1,0
04/25/2016 04:00:00 AM,5,0,5
04/25/2016 05:00:00 AM,16,2,14
04/25/2016 06:00:00 AM,52,6,46
04/25/2016 07:00:00 AM,109,11,98
04/25/2016 08:00:00 AM,95,11,84
04/25/2016 09:00:00 AM,40,6,34
04/25/2016 10:00:00 AM,23,3,20
04/25/2016 11:00:00 AM,13,3,10
04/25/2016 12:00:00 PM,25,14,11
04/25/2016 01:00:00 PM,22,12,10
04/25/2016 02:00:00 PM,28,17,11
04/25/2016 03:00:00 PM,45,30,15
04/25/2016 04:00:00 PM,77,61,16
04/25/2016 05:00:00 PM,141,122,19
04/25/2016 06:00:00 PM,89,74,15
04/25/2016 07:00:00 PM,36,32,4
04/25/2016 08:00:00 PM,21,12,9
04/25/2016 09:00:00 PM,9,9,0
04/25/2016 10:00:00 PM,8,6,2
04/25/2016 11:00:00 PM,6,2,4
04/26/2016 12:00:00 AM,0,0,0
04/26/2016 01:00:00 AM,0,0,0
04/26/2016 02:00:00 AM,1,0,1
04/26/2016 03:00:00 AM,2,2,0
04/26/2016 04:00:00 AM,6,0,6
04/26/2016 05:00:00 AM,24,2,22
04/26/2016 06:00:00 AM,85,7,78
04/26/2016 07:00:00 AM,180,15,165
04/26/2016 08:00:00 AM,152,21,131
04/26/2016 09:00:00 AM,63,5,58
04/26/2016 10:00:00 AM,18,6,12
04/26/2016 11:00:00 AM,24,11,13
04/26/2016 12:00:00 PM,22,9,13
04/26/2016 01:00:00 PM,32,16,16
04/26/2016 02:00:00 PM,33,17,16
04/26/2016 03:00:00 PM,42,28,14
04/26/2016 04:00:00 PM,141,110,31
04/26/2016 05:00:00 PM,207,181,26
04/26/2016 06:00:00 PM,140,120,20
04/26/2016 07:00:00 PM,51,38,13
04/26/2016 08:00:00 PM,20,15,5
04/26/2016 09:00:00 PM,17,13,4
04/26/2016 10:00:00 PM,16,14,2
04/26/2016 11:00:00 PM,1,1,0
04/27/2016 12:00:00 AM,0,0,0
04/27/2016 01:00:00 AM,1,1,0
04/27/2016 02:00:00 AM,2,1,1
04/27/2016 03:00:00 AM,1,1,0
04/27/2016 04:00:00 AM,6,1,5
04/27/2016 05:00:00 AM,28,2,26
04/27/2016 06:00:00 AM,74,9,65
04/27/2016 07:00:00 AM,157,17,140
04/27/2016 08:00:00 AM,156,13,143
04/27/2016 09:00:00 AM,59,6,53
04/27/2016 10:00:00 AM,32,13,19
04/27/2016 11:00:00 AM,36,23,13
04/27/2016 12:00:00 PM,30,10,20
04/27/2016 01:00:00 PM,24,12,12
04/27/2016 02:00:00 PM,43,27,16
04/27/2016 03:00:00 PM,45,26,19
04/27/2016 04:00:00 PM,112,86,26
04/27/2016 05:00:00 PM,189,173,16
04/27/2016 06:00:00 PM,130,114,16
04/27/2016 07:00:00 PM,73,54,19
04/27/2016 08:00:00 PM,32,17,15
04/27/2016 09:00:00 PM,18,9,9
04/27/2016 10:00:00 PM,6,5,1
04/27/2016 11:00:00 PM,5,4,1
04/28/2016 12:00:00 AM,1,1,0
04/28/2016 01:00:00 AM,2,1,1
04/28/2016 02:00:00 AM,4,2,2
04/28/2016 03:00:00 AM,1,1,0
04/28/2016 04:00:00 AM,4,1,3
04/28/2016 05:00:00 AM,18,2,16
04/28/2016 06:00:00 AM,92,7,85
04/28/2016 07:00:00 AM,176,21,155
04/28/2016 08:00:00 AM,164,28,136
04/28/2016 09:00:00 AM,63,5,58
04/28/2016 10:00:00 AM,31,11,20
04/28/2016 11:00:00 AM,30,10,20
04/28/2016 12:00:00 PM,21,9,12
04/28/2016 01:00:00 PM,24,8,16
04/28/2016 02:00:00 PM,28,18,10
04/28/2016 03:00:00 PM,50,40,10
04/28/2016 04:00:00 PM,124,98,26
04/28/2016 05:00:00 PM,202,170,32
04/28/2016 06:00:00 PM,138,109,29
04/28/2016 07:00:00 PM,46,33,13
04/28/2016 08:00:00 PM,22,18,4
04/28/2016 09:00:00 PM,13,11,2
04/28/2016 10:00:00 PM,6,4,2
04/28/2016 11:00:00 PM,5,4,1
04/29/2016 12:00:00 AM,8,5,3
04/29/2016 01:00:00 AM,1,1,0
04/29/2016 02:00:00 AM,0,0,0
04/29/2016 03:00:00 AM,1,0,1
04/29/2016 04:00:00 AM,7,2,5
04/29/2016 05:00:00 AM,27,5,22
04/29/2016 06:00:00 AM,114,14,100
04/29/2016 07:00:00 AM,193,17,176
04/29/2016 08:00:00 AM,168,11,157
04/29/2016 09:00:00 AM,70,7,63
04/29/2016 10:00:00 AM,33,4,29
04/29/2016 11:00:00 AM,16,5,11
04/29/2016 12:00:00 PM,8,5,3
04/29/2016 01:00:00 PM,21,13,8
04/29/2016 02:00:00 PM,30,19,11
04/29/2016 03:00:00 PM,76,61,15
04/29/2016 04:00:00 PM,144,126,18
04/29/2016 05:00:00 PM,211,188,23
04/29/2016 06:00:00 PM,139,114,25
04/29/2016 07:00:00 PM,48,34,14
04/29/2016 08:00:00 PM,29,19,10
04/29/2016 09:00:00 PM,10,6,4
04/29/2016 10:00:00 PM,16,14,2
04/29/2016 11:00:00 PM,13,11,2
04/30/2016 12:00:00 AM,7,6,1
04/30/2016 01:00:00 AM,3,2,1
04/30/2016 02:00:00 AM,1,0,1
04/30/2016 03:00:00 AM,1,1,0
04/30/2016 04:00:00 AM,1,0,1
04/30/2016 05:00:00 AM,4,0,4
04/30/2016 06:00:00 AM,11,2,9
04/30/2016 07:00:00 AM,29,7,22
04/30/2016 08:00:00 AM,34,13,21
04/30/2016 09:00:00 AM,56,22,34
04/30/2016 10:00:00 AM,57,23,34
04/30/2016 11:00:00 AM,63,33,30
04/30/2016 12:00:00 PM,85,39,46
04/30/2016 01:00:00 PM,78,40,38
04/30/2016 02:00:00 PM,84,48,36
04/30/2016 03:00:00 PM,95,56,39
04/30/2016 04:00:00 PM,70,39,31
04/30/2016 05:00:00 PM,64,26,38
04/30/2016 06:00:00 PM,44,21,23
04/30/2016 07:00:00 PM,25,13,12
04/30/2016 08:00:00 PM,12,9,3
04/30/2016 09:00:00 PM,16,7,9
04/30/2016 10:00:00 PM,17,14,3
04/30/2016 11:00:00 PM,8,5,3
